  0.14358384116760647       0.14358384116760645       0.97916666666666663     
 -0.14358384116760645       0.14358384116760647       0.97916666666666663     
 -0.14358384116760650      -0.14358384116760645       0.97916666666666663     
  0.14358384116760645      -0.14358384116760650       0.97916666666666663     
  0.36923088214675398       0.15294043903216739       0.91666666666666663     
  0.15294043903216742       0.36923088214675398       0.91666666666666663     
 -0.15294043903216736       0.36923088214675398       0.91666666666666663     
 -0.36923088214675398       0.15294043903216742       0.91666666666666663     
 -0.36923088214675398      -0.15294043903216734       0.91666666666666663     
 -0.15294043903216761      -0.36923088214675387       0.91666666666666663     
  0.15294043903216747      -0.36923088214675392       0.91666666666666663     
  0.36923088214675387      -0.15294043903216764       0.91666666666666663     
  0.56309726993538500       0.15088145873935629       0.81250000000000000     
  0.41221581119602868       0.41221581119602863       0.81250000000000000     
  0.15088145873935629       0.56309726993538500       0.81250000000000000     
 -0.15088145873935624       0.56309726993538500       0.81250000000000000     
 -0.41221581119602863       0.41221581119602868       0.81250000000000000     
 -0.56309726993538489       0.15088145873935646       0.81250000000000000     
 -0.56309726993538500      -0.15088145873935635       0.81250000000000000     
 -0.41221581119602890      -0.41221581119602846       0.81250000000000000     
 -0.15088145873935624      -0.56309726993538500       0.81250000000000000     
  0.15088145873935604      -0.56309726993538511       0.81250000000000000     
  0.41221581119602863      -0.41221581119602879       0.81250000000000000     
  0.56309726993538489      -0.15088145873935677       0.81250000000000000     
  0.73103418610427184       0.14541174059346221       0.66666666666666663     
  0.61974085811129553       0.41409760243574290       0.66666666666666663     
  0.41409760243574301       0.61974085811129542       0.66666666666666663     
  0.14541174059346224       0.73103418610427184       0.66666666666666663     
 -0.14541174059346215       0.73103418610427184       0.66666666666666663     
 -0.41409760243574273       0.61974085811129564       0.66666666666666663     
 -0.61974085811129564       0.41409760243574290       0.66666666666666663     
 -0.73103418610427184       0.14541174059346243       0.66666666666666663     
 -0.73103418610427184      -0.14541174059346229       0.66666666666666663     
 -0.61974085811129564      -0.41409760243574273       0.66666666666666663     
 -0.41409760243574290      -0.61974085811129553       0.66666666666666663     
 -0.14541174059346251      -0.73103418610427173       0.66666666666666663     
  0.14541174059346221      -0.73103418610427184       0.66666666666666663     
  0.41409760243574267      -0.61974085811129576       0.66666666666666663     
  0.61974085811129553      -0.41409760243574290       0.66666666666666663     
  0.73103418610427173      -0.14541174059346254       0.66666666666666663     
  0.86602540378443860        0.0000000000000000       0.50000000000000000     
  0.80010314519126546       0.33141357403559180       0.50000000000000000     
  0.61237243569579458       0.61237243569579447       0.50000000000000000     
  0.33141357403559185       0.80010314519126546       0.50000000000000000     
   5.3028761936245340E-017  0.86602540378443860       0.50000000000000000     
 -0.33141357403559174       0.80010314519126546       0.50000000000000000     
 -0.61237243569579447       0.61237243569579458       0.50000000000000000     
 -0.80010314519126546       0.33141357403559185       0.50000000000000000     
 -0.86602540378443860        1.0605752387249068E-016  0.50000000000000000     
 -0.80010314519126546      -0.33141357403559168       0.50000000000000000     
 -0.61237243569579458      -0.61237243569579447       0.50000000000000000     
 -0.33141357403559224      -0.80010314519126524       0.50000000000000000     
  -1.5908628580873602E-016 -0.86602540378443860       0.50000000000000000     
  0.33141357403559196      -0.80010314519126535       0.50000000000000000     
  0.61237243569579447      -0.61237243569579458       0.50000000000000000     
  0.80010314519126524      -0.33141357403559230       0.50000000000000000     
  0.92469323021476491       0.18393291952196197       0.33333333333333331     
  0.78391706827957242       0.52379663892473471       0.33333333333333331     
  0.52379663892473483       0.78391706827957242       0.33333333333333331     
  0.18393291952196203       0.92469323021476491       0.33333333333333331     
 -0.18393291952196195       0.92469323021476491       0.33333333333333331     
 -0.52379663892473449       0.78391706827957264       0.33333333333333331     
 -0.78391706827957253       0.52379663892473471       0.33333333333333331     
 -0.92469323021476491       0.18393291952196231       0.33333333333333331     
 -0.92469323021476491      -0.18393291952196208       0.33333333333333331     
 -0.78391706827957264      -0.52379663892473449       0.33333333333333331     
 -0.52379663892473471      -0.78391706827957242       0.33333333333333331     
 -0.18393291952196239      -0.92469323021476479       0.33333333333333331     
  0.18393291952196200      -0.92469323021476491       0.33333333333333331     
  0.52379663892473438      -0.78391706827957275       0.33333333333333331     
  0.78391706827957242      -0.52379663892473471       0.33333333333333331     
  0.92469323021476479      -0.18393291952196245       0.33333333333333331     
  0.98601329718326935        0.0000000000000000       0.16666666666666666     
  0.91095750405159137       0.37733095292371283       0.16666666666666666     
  0.69721668877839638       0.69721668877839627       0.16666666666666666     
  0.37733095292371288       0.91095750405159137       0.16666666666666666     
   6.0375901415610937E-017  0.98601329718326935       0.16666666666666666     
 -0.37733095292371277       0.91095750405159137       0.16666666666666666     
 -0.69721668877839627       0.69721668877839638       0.16666666666666666     
 -0.91095750405159137       0.37733095292371288       0.16666666666666666     
 -0.98601329718326935        1.2075180283122187E-016  0.16666666666666666     
 -0.91095750405159137      -0.37733095292371271       0.16666666666666666     
 -0.69721668877839649      -0.69721668877839627       0.16666666666666666     
 -0.37733095292371338      -0.91095750405159115       0.16666666666666666     
  -1.8112770424683280E-016 -0.98601329718326935       0.16666666666666666     
  0.37733095292371305      -0.91095750405159126       0.16666666666666666     
  0.69721668877839627      -0.69721668877839649       0.16666666666666666     
  0.91095750405159115      -0.37733095292371344       0.16666666666666666     
  0.98078528040323043       0.19509032201612825        0.0000000000000000     
  0.83146961230254524       0.55557023301960218        0.0000000000000000     
  0.55557023301960229       0.83146961230254512        0.0000000000000000     
  0.19509032201612830       0.98078528040323043        0.0000000000000000     
 -0.19509032201612819       0.98078528040323043        0.0000000000000000     
 -0.55557023301960196       0.83146961230254546        0.0000000000000000     
 -0.83146961230254535       0.55557023301960218        0.0000000000000000     
 -0.98078528040323043       0.19509032201612858        0.0000000000000000     
 -0.98078528040323043      -0.19509032201612836        0.0000000000000000     
 -0.83146961230254546      -0.55557023301960196        0.0000000000000000     
 -0.55557023301960218      -0.83146961230254524        0.0000000000000000     
 -0.19509032201612866      -0.98078528040323032        0.0000000000000000     
  0.19509032201612828      -0.98078528040323043        0.0000000000000000     
  0.55557023301960184      -0.83146961230254557        0.0000000000000000     
  0.83146961230254524      -0.55557023301960218        0.0000000000000000     
  0.98078528040323032      -0.19509032201612872        0.0000000000000000     
  0.98601329718326935        0.0000000000000000      -0.16666666666666666     
  0.91095750405159137       0.37733095292371283      -0.16666666666666666     
  0.69721668877839638       0.69721668877839627      -0.16666666666666666     
  0.37733095292371288       0.91095750405159137      -0.16666666666666666     
   6.0375901415610937E-017  0.98601329718326935      -0.16666666666666666     
 -0.37733095292371277       0.91095750405159137      -0.16666666666666666     
 -0.69721668877839627       0.69721668877839638      -0.16666666666666666     
 -0.91095750405159137       0.37733095292371288      -0.16666666666666666     
 -0.98601329718326935        1.2075180283122187E-016 -0.16666666666666666     
 -0.91095750405159137      -0.37733095292371271      -0.16666666666666666     
 -0.69721668877839649      -0.69721668877839627      -0.16666666666666666     
 -0.37733095292371338      -0.91095750405159115      -0.16666666666666666     
  -1.8112770424683280E-016 -0.98601329718326935      -0.16666666666666666     
  0.37733095292371305      -0.91095750405159126      -0.16666666666666666     
  0.69721668877839627      -0.69721668877839649      -0.16666666666666666     
  0.91095750405159115      -0.37733095292371344      -0.16666666666666666     
  0.92469323021476491       0.18393291952196197      -0.33333333333333331     
  0.78391706827957242       0.52379663892473471      -0.33333333333333331     
  0.52379663892473483       0.78391706827957242      -0.33333333333333331     
  0.18393291952196203       0.92469323021476491      -0.33333333333333331     
 -0.18393291952196195       0.92469323021476491      -0.33333333333333331     
 -0.52379663892473449       0.78391706827957264      -0.33333333333333331     
 -0.78391706827957253       0.52379663892473471      -0.33333333333333331     
 -0.92469323021476491       0.18393291952196231      -0.33333333333333331     
 -0.92469323021476491      -0.18393291952196208      -0.33333333333333331     
 -0.78391706827957264      -0.52379663892473449      -0.33333333333333331     
 -0.52379663892473471      -0.78391706827957242      -0.33333333333333331     
 -0.18393291952196239      -0.92469323021476479      -0.33333333333333331     
  0.18393291952196200      -0.92469323021476491      -0.33333333333333331     
  0.52379663892473438      -0.78391706827957275      -0.33333333333333331     
  0.78391706827957242      -0.52379663892473471      -0.33333333333333331     
  0.92469323021476479      -0.18393291952196245      -0.33333333333333331     
  0.86602540378443860        0.0000000000000000      -0.50000000000000000     
  0.80010314519126546       0.33141357403559180      -0.50000000000000000     
  0.61237243569579458       0.61237243569579447      -0.50000000000000000     
  0.33141357403559185       0.80010314519126546      -0.50000000000000000     
   5.3028761936245340E-017  0.86602540378443860      -0.50000000000000000     
 -0.33141357403559174       0.80010314519126546      -0.50000000000000000     
 -0.61237243569579447       0.61237243569579458      -0.50000000000000000     
 -0.80010314519126546       0.33141357403559185      -0.50000000000000000     
 -0.86602540378443860        1.0605752387249068E-016 -0.50000000000000000     
 -0.80010314519126546      -0.33141357403559168      -0.50000000000000000     
 -0.61237243569579458      -0.61237243569579447      -0.50000000000000000     
 -0.33141357403559224      -0.80010314519126524      -0.50000000000000000     
  -1.5908628580873602E-016 -0.86602540378443860      -0.50000000000000000     
  0.33141357403559196      -0.80010314519126535      -0.50000000000000000     
  0.61237243569579447      -0.61237243569579458      -0.50000000000000000     
  0.80010314519126524      -0.33141357403559230      -0.50000000000000000     
  0.73103418610427184       0.14541174059346221      -0.66666666666666663     
  0.61974085811129553       0.41409760243574290      -0.66666666666666663     
  0.41409760243574301       0.61974085811129542      -0.66666666666666663     
  0.14541174059346224       0.73103418610427184      -0.66666666666666663     
 -0.14541174059346215       0.73103418610427184      -0.66666666666666663     
 -0.41409760243574273       0.61974085811129564      -0.66666666666666663     
 -0.61974085811129564       0.41409760243574290      -0.66666666666666663     
 -0.73103418610427184       0.14541174059346243      -0.66666666666666663     
 -0.73103418610427184      -0.14541174059346229      -0.66666666666666663     
 -0.61974085811129564      -0.41409760243574273      -0.66666666666666663     
 -0.41409760243574290      -0.61974085811129553      -0.66666666666666663     
 -0.14541174059346251      -0.73103418610427173      -0.66666666666666663     
  0.14541174059346221      -0.73103418610427184      -0.66666666666666663     
  0.41409760243574267      -0.61974085811129576      -0.66666666666666663     
  0.61974085811129553      -0.41409760243574290      -0.66666666666666663     
  0.73103418610427173      -0.14541174059346254      -0.66666666666666663     
  0.56309726993538500       0.15088145873935629      -0.81250000000000000     
  0.41221581119602868       0.41221581119602863      -0.81250000000000000     
  0.15088145873935629       0.56309726993538500      -0.81250000000000000     
 -0.15088145873935624       0.56309726993538500      -0.81250000000000000     
 -0.41221581119602863       0.41221581119602868      -0.81250000000000000     
 -0.56309726993538489       0.15088145873935646      -0.81250000000000000     
 -0.56309726993538500      -0.15088145873935635      -0.81250000000000000     
 -0.41221581119602890      -0.41221581119602846      -0.81250000000000000     
 -0.15088145873935624      -0.56309726993538500      -0.81250000000000000     
  0.15088145873935604      -0.56309726993538511      -0.81250000000000000     
  0.41221581119602863      -0.41221581119602879      -0.81250000000000000     
  0.56309726993538489      -0.15088145873935677      -0.81250000000000000     
  0.36923088214675398       0.15294043903216739      -0.91666666666666663     
  0.15294043903216742       0.36923088214675398      -0.91666666666666663     
 -0.15294043903216736       0.36923088214675398      -0.91666666666666663     
 -0.36923088214675398       0.15294043903216742      -0.91666666666666663     
 -0.36923088214675398      -0.15294043903216734      -0.91666666666666663     
 -0.15294043903216761      -0.36923088214675387      -0.91666666666666663     
  0.15294043903216747      -0.36923088214675392      -0.91666666666666663     
  0.36923088214675387      -0.15294043903216764      -0.91666666666666663     
  0.14358384116760647       0.14358384116760645      -0.97916666666666663     
 -0.14358384116760645       0.14358384116760647      -0.97916666666666663     
 -0.14358384116760650      -0.14358384116760645      -0.97916666666666663     
  0.14358384116760645      -0.14358384116760650      -0.97916666666666663     
