5.270462766947299205e-01 5.270462766947298094e-01 6.666666666666666297e-01
-5.270462766947298094e-01 5.270462766947299205e-01 6.666666666666666297e-01
-5.270462766947301425e-01 -5.270462766947295874e-01 6.666666666666666297e-01
5.270462766947298094e-01 -5.270462766947300315e-01 6.666666666666666297e-01
1.000000000000000000e+00 0.000000000000000000e+00 0.000000000000000000e+00
6.123233995736766036e-17 1.000000000000000000e+00 0.000000000000000000e+00
-1.000000000000000000e+00 1.224646799147353207e-16 0.000000000000000000e+00
-1.836970198721029688e-16 -1.000000000000000000e+00 0.000000000000000000e+00
5.270462766947299205e-01 5.270462766947298094e-01 -6.666666666666666297e-01
-5.270462766947298094e-01 5.270462766947299205e-01 -6.666666666666666297e-01
-5.270462766947301425e-01 -5.270462766947295874e-01 -6.666666666666666297e-01
5.270462766947298094e-01 -5.270462766947300315e-01 -6.666666666666666297e-01
