  0.28259708263021954       0.28259708263021949       0.91666666666666663     
 -0.28259708263021949       0.28259708263021954       0.91666666666666663     
 -0.28259708263021960      -0.28259708263021949       0.91666666666666663     
  0.28259708263021949      -0.28259708263021960       0.91666666666666663     
  0.68861914590532136       0.28523538954376126       0.66666666666666663     
  0.28523538954376132       0.68861914590532136       0.66666666666666663     
 -0.28523538954376126       0.68861914590532136       0.66666666666666663     
 -0.68861914590532136       0.28523538954376132       0.66666666666666663     
 -0.68861914590532136      -0.28523538954376121       0.66666666666666663     
 -0.28523538954376171      -0.68861914590532125       0.66666666666666663     
  0.28523538954376143      -0.68861914590532125       0.66666666666666663     
  0.68861914590532125      -0.28523538954376176       0.66666666666666663     
  0.94280904158206336        0.0000000000000000       0.33333333333333331     
  0.66666666666666674       0.66666666666666663       0.33333333333333331     
   5.7730403749032886E-017  0.94280904158206336       0.33333333333333331     
 -0.66666666666666663       0.66666666666666674       0.33333333333333331     
 -0.94280904158206336        1.1546080749806577E-016  0.33333333333333331     
 -0.66666666666666685      -0.66666666666666663       0.33333333333333331     
  -1.7319121124709866E-016 -0.94280904158206336       0.33333333333333331     
  0.66666666666666663      -0.66666666666666685       0.33333333333333331     
  0.92387953251128674       0.38268343236508978        0.0000000000000000     
  0.38268343236508984       0.92387953251128674        0.0000000000000000     
 -0.38268343236508973       0.92387953251128674        0.0000000000000000     
 -0.92387953251128674       0.38268343236508984        0.0000000000000000     
 -0.92387953251128674      -0.38268343236508967        0.0000000000000000     
 -0.38268343236509034      -0.92387953251128652        0.0000000000000000     
  0.38268343236509000      -0.92387953251128663        0.0000000000000000     
  0.92387953251128652      -0.38268343236509039        0.0000000000000000     
  0.94280904158206336        0.0000000000000000      -0.33333333333333331     
  0.66666666666666674       0.66666666666666663      -0.33333333333333331     
   5.7730403749032886E-017  0.94280904158206336      -0.33333333333333331     
 -0.66666666666666663       0.66666666666666674      -0.33333333333333331     
 -0.94280904158206336        1.1546080749806577E-016 -0.33333333333333331     
 -0.66666666666666685      -0.66666666666666663      -0.33333333333333331     
  -1.7319121124709866E-016 -0.94280904158206336      -0.33333333333333331     
  0.66666666666666663      -0.66666666666666685      -0.33333333333333331     
  0.68861914590532136       0.28523538954376126      -0.66666666666666663     
  0.28523538954376132       0.68861914590532136      -0.66666666666666663     
 -0.28523538954376126       0.68861914590532136      -0.66666666666666663     
 -0.68861914590532136       0.28523538954376132      -0.66666666666666663     
 -0.68861914590532136      -0.28523538954376121      -0.66666666666666663     
 -0.28523538954376171      -0.68861914590532125      -0.66666666666666663     
  0.28523538954376143      -0.68861914590532125      -0.66666666666666663     
  0.68861914590532125      -0.28523538954376176      -0.66666666666666663     
  0.28259708263021954       0.28259708263021949      -0.91666666666666663     
 -0.28259708263021949       0.28259708263021954      -0.91666666666666663     
 -0.28259708263021960      -0.28259708263021949      -0.91666666666666663     
  0.28259708263021949      -0.28259708263021960      -0.91666666666666663     
