   7.2074752620302329E-002   7.2074752620302315E-002  0.99479166666666663     
  -7.2074752620302315E-002   7.2074752620302329E-002  0.99479166666666663     
  -7.2074752620302343E-002  -7.2074752620302315E-002  0.99479166666666663     
   7.2074752620302315E-002  -7.2074752620302343E-002  0.99479166666666663     
  0.18760132922428663        7.7707014883919595E-002  0.97916666666666663     
   7.7707014883919609E-002  0.18760132922428663       0.97916666666666663     
  -7.7707014883919581E-002  0.18760132922428663       0.97916666666666663     
 -0.18760132922428663        7.7707014883919609E-002  0.97916666666666663     
 -0.18760132922428663       -7.7707014883919567E-002  0.97916666666666663     
  -7.7707014883919706E-002 -0.18760132922428660       0.97916666666666663     
   7.7707014883919637E-002 -0.18760132922428663       0.97916666666666663     
  0.18760132922428660       -7.7707014883919720E-002  0.97916666666666663     
  0.29226676866321871        7.8312644637763218E-002  0.95312500000000000     
  0.21395412402545552       0.21395412402545549       0.95312500000000000     
   7.8312644637763218E-002  0.29226676866321871       0.95312500000000000     
  -7.8312644637763176E-002  0.29226676866321871       0.95312500000000000     
 -0.21395412402545549       0.21395412402545552       0.95312500000000000     
 -0.29226676866321871        7.8312644637763301E-002  0.95312500000000000     
 -0.29226676866321871       -7.8312644637763232E-002  0.95312500000000000     
 -0.21395412402545563      -0.21395412402545538       0.95312500000000000     
  -7.8312644637763176E-002 -0.29226676866321871       0.95312500000000000     
   7.8312644637763079E-002 -0.29226676866321877       0.95312500000000000     
  0.21395412402545549      -0.21395412402545555       0.95312500000000000     
  0.29226676866321866       -7.8312644637763454E-002  0.95312500000000000     
  0.39197341377990980        7.7968359684848110E-002  0.91666666666666663     
  0.33229901477976265       0.22203510307746677       0.91666666666666663     
  0.22203510307746682       0.33229901477976259       0.91666666666666663     
   7.7968359684848138E-002  0.39197341377990980       0.91666666666666663     
  -7.7968359684848082E-002  0.39197341377990980       0.91666666666666663     
 -0.22203510307746668       0.33229901477976276       0.91666666666666663     
 -0.33229901477976270       0.22203510307746677       0.91666666666666663     
 -0.39197341377990980        7.7968359684848249E-002  0.91666666666666663     
 -0.39197341377990980       -7.7968359684848151E-002  0.91666666666666663     
 -0.33229901477976276      -0.22203510307746668       0.91666666666666663     
 -0.22203510307746677      -0.33229901477976265       0.91666666666666663     
  -7.7968359684848276E-002 -0.39197341377990974       0.91666666666666663     
   7.7968359684848124E-002 -0.39197341377990980       0.91666666666666663     
  0.22203510307746663      -0.33229901477976281       0.91666666666666663     
  0.33229901477976265      -0.22203510307746677       0.91666666666666663     
  0.39197341377990974       -7.7968359684848304E-002  0.91666666666666663     
  0.48734434049101072        7.7187760613998985E-002  0.86979166666666663     
  0.43963968091606892       0.22400760603434725       0.86979166666666663     
  0.34890002622328808       0.34890002622328803       0.86979166666666663     
  0.22400760603434727       0.43963968091606886       0.86979166666666663     
   7.7187760613999012E-002  0.48734434049101072       0.86979166666666663     
  -7.7187760613998846E-002  0.48734434049101072       0.86979166666666663     
 -0.22400760603434725       0.43963968091606892       0.86979166666666663     
 -0.34890002622328803       0.34890002622328808       0.86979166666666663     
 -0.43963968091606886       0.22400760603434730       0.86979166666666663     
 -0.48734434049101066        7.7187760613999040E-002  0.86979166666666663     
 -0.48734434049101072       -7.7187760613998929E-002  0.86979166666666663     
 -0.43963968091606892      -0.22400760603434722       0.86979166666666663     
 -0.34890002622328814      -0.34890002622328803       0.86979166666666663     
 -0.22400760603434733      -0.43963968091606886       0.86979166666666663     
  -7.7187760613999082E-002 -0.48734434049101066       0.86979166666666663     
   7.7187760613998888E-002 -0.48734434049101072       0.86979166666666663     
  0.22400760603434719      -0.43963968091606898       0.86979166666666663     
  0.34890002622328803      -0.34890002622328814       0.86979166666666663     
  0.43963968091606886      -0.22400760603434736       0.86979166666666663     
  0.48734434049101066       -7.7187760613999110E-002  0.86979166666666663     
  0.57797387701691383        7.6091704449547076E-002  0.81250000000000000     
  0.53858591244520382       0.22308958943789176       0.81250000000000000     
  0.46249420799565677       0.35488428757902213       0.81250000000000000     
  0.35488428757902218       0.46249420799565671       0.81250000000000000     
  0.22308958943789181       0.53858591244520382       0.81250000000000000     
   7.6091704449547160E-002  0.57797387701691383       0.81250000000000000     
  -7.6091704449547090E-002  0.57797387701691383       0.81250000000000000     
 -0.22308958943789162       0.53858591244520393       0.81250000000000000     
 -0.35488428757902213       0.46249420799565677       0.81250000000000000     
 -0.46249420799565666       0.35488428757902224       0.81250000000000000     
 -0.53858591244520382       0.22308958943789181       0.81250000000000000     
 -0.57797387701691383        7.6091704449547312E-002  0.81250000000000000     
 -0.57797387701691383       -7.6091704449547187E-002  0.81250000000000000     
 -0.53858591244520382      -0.22308958943789170       0.81250000000000000     
 -0.46249420799565677      -0.35488428757902213       0.81250000000000000     
 -0.35488428757902224      -0.46249420799565666       0.81250000000000000     
 -0.22308958943789162      -0.53858591244520393       0.81250000000000000     
  -7.6091704449547104E-002 -0.57797387701691383       0.81250000000000000     
   7.6091704449546882E-002 -0.57797387701691394       0.81250000000000000     
  0.22308958943789142      -0.53858591244520404       0.81250000000000000     
  0.35488428757902168      -0.46249420799565710       0.81250000000000000     
  0.46249420799565666      -0.35488428757902224       0.81250000000000000     
  0.53858591244520393      -0.22308958943789164       0.81250000000000000     
  0.57797387701691383       -7.6091704449547132E-002  0.81250000000000000     
  0.66310124134447068        7.4713566313694579E-002  0.74479166666666663     
  0.62985057623381002       0.22039424874943153       0.74479166666666663     
  0.56501657320382315       0.35502344326663499       0.74479166666666663     
  0.47185027988965361       0.47185027988965356       0.74479166666666663     
  0.35502344326663510       0.56501657320382315       0.74479166666666663     
  0.22039424874943170       0.62985057623380991       0.74479166666666663     
   7.4713566313694468E-002  0.66310124134447068       0.74479166666666663     
  -7.4713566313694399E-002  0.66310124134447068       0.74479166666666663     
 -0.22039424874943164       0.62985057623380991       0.74479166666666663     
 -0.35502344326663493       0.56501657320382315       0.74479166666666663     
 -0.47185027988965356       0.47185027988965361       0.74479166666666663     
 -0.56501657320382315       0.35502344326663510       0.74479166666666663     
 -0.62985057623381002       0.22039424874943159       0.74479166666666663     
 -0.66310124134447068        7.4713566313694663E-002  0.74479166666666663     
 -0.66310124134447068       -7.4713566313694496E-002  0.74479166666666663     
 -0.62985057623381002      -0.22039424874943148       0.74479166666666663     
 -0.56501657320382315      -0.35502344326663493       0.74479166666666663     
 -0.47185027988965367      -0.47185027988965356       0.74479166666666663     
 -0.35502344326663515      -0.56501657320382304       0.74479166666666663     
 -0.22039424874943164      -0.62985057623380991       0.74479166666666663     
  -7.4713566313694704E-002 -0.66310124134447068       0.74479166666666663     
   7.4713566313694454E-002 -0.66310124134447068       0.74479166666666663     
  0.22039424874943145      -0.62985057623381002       0.74479166666666663     
  0.35502344326663487      -0.56501657320382326       0.74479166666666663     
  0.47185027988965356      -0.47185027988965367       0.74479166666666663     
  0.56501657320382304      -0.35502344326663515       0.74479166666666663     
  0.62985057623380991      -0.22039424874943167       0.74479166666666663     
  0.66310124134447068       -7.4713566313694746E-002  0.74479166666666663     
  0.74176689966952680        7.3057662912344556E-002  0.66666666666666663     
  0.71326121370289663       0.21636542372252160       0.66666666666666663     
  0.65734529929516117       0.35135838263816971       0.66666666666666663     
  0.57616797367900363       0.47284883595308402       0.66666666666666663     
  0.47284883595308413       0.57616797367900352       0.66666666666666663     
  0.35135838263816987       0.65734529929516117       0.66666666666666663     
  0.21636542372252154       0.71326121370289675       0.66666666666666663     
   7.3057662912344667E-002  0.74176689966952669       0.66666666666666663     
  -7.3057662912344584E-002  0.74176689966952680       0.66666666666666663     
 -0.21636542372252152       0.71326121370289675       0.66666666666666663     
 -0.35135838263816976       0.65734529929516117       0.66666666666666663     
 -0.47284883595308386       0.57616797367900374       0.66666666666666663     
 -0.57616797367900363       0.47284883595308402       0.66666666666666663     
 -0.65734529929516117       0.35135838263816987       0.66666666666666663     
 -0.71326121370289663       0.21636542372252160       0.66666666666666663     
 -0.74176689966952669        7.3057662912344723E-002  0.66666666666666663     
 -0.74176689966952680       -7.3057662912344543E-002  0.66666666666666663     
 -0.71326121370289675      -0.21636542372252146       0.66666666666666663     
 -0.65734529929516117      -0.35135838263816971       0.66666666666666663     
 -0.57616797367900374      -0.47284883595308386       0.66666666666666663     
 -0.47284883595308436      -0.57616797367900341       0.66666666666666663     
 -0.35135838263816987      -0.65734529929516117       0.66666666666666663     
 -0.21636542372252163      -0.71326121370289663       0.66666666666666663     
  -7.3057662912344432E-002 -0.74176689966952680       0.66666666666666663     
   7.3057662912344168E-002 -0.74176689966952680       0.66666666666666663     
  0.21636542372252143      -0.71326121370289675       0.66666666666666663     
  0.35135838263816971      -0.65734529929516117       0.66666666666666663     
  0.47284883595308413      -0.57616797367900352       0.66666666666666663     
  0.57616797367900341      -0.47284883595308436       0.66666666666666663     
  0.65734529929516117      -0.35135838263816993       0.66666666666666663     
  0.71326121370289663      -0.21636542372252168       0.66666666666666663     
  0.74176689966952680       -7.3057662912344487E-002  0.66666666666666663     
  0.81223286206741363        0.0000000000000000       0.58333333333333337     
  0.79662603537550669       0.15845877061281322       0.58333333333333337     
  0.75040531689714651       0.31082805953567838       0.58333333333333337     
  0.67534694292257913       0.45125240044497139       0.58333333333333337     
  0.57433536467042590       0.57433536467042579       0.58333333333333337     
  0.45125240044497150       0.67534694292257902       0.58333333333333337     
  0.31082805953567844       0.75040531689714651       0.58333333333333337     
  0.15845877061281324       0.79662603537550669       0.58333333333333337     
   4.9734918734657584E-017  0.81223286206741363       0.58333333333333337     
 -0.15845877061281316       0.79662603537550669       0.58333333333333337     
 -0.31082805953567832       0.75040531689714651       0.58333333333333337     
 -0.45125240044497122       0.67534694292257924       0.58333333333333337     
 -0.57433536467042579       0.57433536467042590       0.58333333333333337     
 -0.67534694292257924       0.45125240044497139       0.58333333333333337     
 -0.75040531689714651       0.31082805953567844       0.58333333333333337     
 -0.79662603537550669       0.15845877061281347       0.58333333333333337     
 -0.81223286206741363        9.9469837469315169E-017  0.58333333333333337     
 -0.79662603537550669      -0.15845877061281330       0.58333333333333337     
 -0.75040531689714651      -0.31082805953567827       0.58333333333333337     
 -0.67534694292257924      -0.45125240044497122       0.58333333333333337     
 -0.57433536467042601      -0.57433536467042579       0.58333333333333337     
 -0.45125240044497139      -0.67534694292257913       0.58333333333333337     
 -0.31082805953567882      -0.75040531689714640       0.58333333333333337     
 -0.15845877061281355      -0.79662603537550658       0.58333333333333337     
  -1.4920475620397275E-016 -0.81223286206741363       0.58333333333333337     
  0.15845877061281322      -0.79662603537550669       0.58333333333333337     
  0.31082805953567855      -0.75040531689714651       0.58333333333333337     
  0.45125240044497111      -0.67534694292257935       0.58333333333333337     
  0.57433536467042579      -0.57433536467042601       0.58333333333333337     
  0.67534694292257913      -0.45125240044497139       0.58333333333333337     
  0.75040531689714640      -0.31082805953567888       0.58333333333333337     
  0.79662603537550658      -0.15845877061281358       0.58333333333333337     
  0.86185525475639546        8.4885333531703702E-002  0.50000000000000000     
  0.82873464065010238       0.25139390483173119       0.50000000000000000     
  0.76376621906336684       0.40824154935240137       0.50000000000000000     
  0.66944669000305623       0.54940070007595720       0.50000000000000000     
  0.54940070007595732       0.66944669000305612       0.50000000000000000     
  0.40824154935240148       0.76376621906336672       0.50000000000000000     
  0.25139390483173113       0.82873464065010249       0.50000000000000000     
   8.4885333531703841E-002  0.86185525475639546       0.50000000000000000     
  -8.4885333531703744E-002  0.86185525475639546       0.50000000000000000     
 -0.25139390483173107       0.82873464065010249       0.50000000000000000     
 -0.40824154935240137       0.76376621906336684       0.50000000000000000     
 -0.54940070007595698       0.66944669000305634       0.50000000000000000     
 -0.66944669000305623       0.54940070007595720       0.50000000000000000     
 -0.76376621906336672       0.40824154935240148       0.50000000000000000     
 -0.82873464065010238       0.25139390483173119       0.50000000000000000     
 -0.86185525475639546        8.4885333531703910E-002  0.50000000000000000     
 -0.86185525475639546       -8.4885333531703688E-002  0.50000000000000000     
 -0.82873464065010249      -0.25139390483173102       0.50000000000000000     
 -0.76376621906336684      -0.40824154935240137       0.50000000000000000     
 -0.66944669000305634      -0.54940070007595698       0.50000000000000000     
 -0.54940070007595754      -0.66944669000305601       0.50000000000000000     
 -0.40824154935240153      -0.76376621906336672       0.50000000000000000     
 -0.25139390483173124      -0.82873464065010238       0.50000000000000000     
  -8.4885333531703563E-002 -0.86185525475639546       0.50000000000000000     
   8.4885333531703258E-002 -0.86185525475639546       0.50000000000000000     
  0.25139390483173096      -0.82873464065010249       0.50000000000000000     
  0.40824154935240131      -0.76376621906336684       0.50000000000000000     
  0.54940070007595732      -0.66944669000305612       0.50000000000000000     
  0.66944669000305601      -0.54940070007595754       0.50000000000000000     
  0.76376621906336672      -0.40824154935240159       0.50000000000000000     
  0.82873464065010238      -0.25139390483173130       0.50000000000000000     
  0.86185525475639546       -8.4885333531703633E-002  0.50000000000000000     
  0.90905934288630952        0.0000000000000000       0.41666666666666669     
  0.89159202251592551       0.17734867993546008       0.41666666666666669     
  0.83986132073082120       0.34788194955928597       0.41666666666666669     
  0.75585521938968636       0.50504631095599339       0.41666666666666669     
  0.64280202585589641       0.64280202585589630       0.41666666666666669     
  0.50504631095599350       0.75585521938968625       0.41666666666666669     
  0.34788194955928603       0.83986132073082120       0.41666666666666669     
  0.17734867993546011       0.89159202251592551       0.41666666666666669     
   5.5663830725035761E-017  0.90905934288630952       0.41666666666666669     
 -0.17734867993546002       0.89159202251592551       0.41666666666666669     
 -0.34788194955928592       0.83986132073082120       0.41666666666666669     
 -0.50504631095599317       0.75585521938968647       0.41666666666666669     
 -0.64280202585589630       0.64280202585589641       0.41666666666666669     
 -0.75585521938968636       0.50504631095599339       0.41666666666666669     
 -0.83986132073082120       0.34788194955928603       0.41666666666666669     
 -0.89159202251592551       0.17734867993546036       0.41666666666666669     
 -0.90905934288630952        1.1132766145007152E-016  0.41666666666666669     
 -0.89159202251592551      -0.17734867993546016       0.41666666666666669     
 -0.83986132073082120      -0.34788194955928586       0.41666666666666669     
 -0.75585521938968647      -0.50504631095599317       0.41666666666666669     
 -0.64280202585589652      -0.64280202585589630       0.41666666666666669     
 -0.50504631095599339      -0.75585521938968636       0.41666666666666669     
 -0.34788194955928647      -0.83986132073082098       0.41666666666666669     
 -0.17734867993546044      -0.89159202251592540       0.41666666666666669     
  -1.6699149217510727E-016 -0.90905934288630952       0.41666666666666669     
  0.17734867993546008      -0.89159202251592551       0.41666666666666669     
  0.34788194955928620      -0.83986132073082109       0.41666666666666669     
  0.50504631095599306      -0.75585521938968658       0.41666666666666669     
  0.64280202585589630      -0.64280202585589652       0.41666666666666669     
  0.75585521938968636      -0.50504631095599339       0.41666666666666669     
  0.83986132073082098      -0.34788194955928653       0.41666666666666669     
  0.89159202251592540      -0.17734867993546050       0.41666666666666669     
  0.93826915835092162        9.2411446132727643E-002  0.33333333333333331     
  0.90221200078290176       0.27368301834823822       0.33333333333333331     
  0.83148334199111418       0.44443710565183098       0.33333333333333331     
  0.72880124466783835       0.59811172422842418       0.33333333333333331     
  0.59811172422842429       0.72880124466783824       0.33333333333333331     
  0.44443710565183114       0.83148334199111407       0.33333333333333331     
  0.27368301834823816       0.90221200078290187       0.33333333333333331     
   9.2411446132727795E-002  0.93826915835092162       0.33333333333333331     
  -9.2411446132727698E-002  0.93826915835092162       0.33333333333333331     
 -0.27368301834823811       0.90221200078290187       0.33333333333333331     
 -0.44443710565183103       0.83148334199111418       0.33333333333333331     
 -0.59811172422842396       0.72880124466783847       0.33333333333333331     
 -0.72880124466783835       0.59811172422842418       0.33333333333333331     
 -0.83148334199111407       0.44443710565183114       0.33333333333333331     
 -0.90221200078290176       0.27368301834823822       0.33333333333333331     
 -0.93826915835092162        9.2411446132727865E-002  0.33333333333333331     
 -0.93826915835092162       -9.2411446132727629E-002  0.33333333333333331     
 -0.90221200078290187      -0.27368301834823805       0.33333333333333331     
 -0.83148334199111418      -0.44443710565183098       0.33333333333333331     
 -0.72880124466783847      -0.59811172422842396       0.33333333333333331     
 -0.59811172422842462      -0.72880124466783802       0.33333333333333331     
 -0.44443710565183120      -0.83148334199111407       0.33333333333333331     
 -0.27368301834823827      -0.90221200078290176       0.33333333333333331     
  -9.2411446132727504E-002 -0.93826915835092162       0.33333333333333331     
   9.2411446132727157E-002 -0.93826915835092162       0.33333333333333331     
  0.27368301834823799      -0.90221200078290187       0.33333333333333331     
  0.44443710565183092      -0.83148334199111418       0.33333333333333331     
  0.59811172422842429      -0.72880124466783824       0.33333333333333331     
  0.72880124466783802      -0.59811172422842462       0.33333333333333331     
  0.83148334199111407      -0.44443710565183125       0.33333333333333331     
  0.90221200078290176      -0.27368301834823833       0.33333333333333331     
  0.93826915835092162       -9.2411446132727559E-002  0.33333333333333331     
  0.96824583655185426        0.0000000000000000       0.25000000000000000     
  0.94964126430177076       0.18889539204367672       0.25000000000000000     
  0.89454251082952685       0.37053164010487127       0.25000000000000000     
  0.80506699033132390       0.53792856503337327       0.25000000000000000     
  0.68465319688145776       0.68465319688145765       0.25000000000000000     
  0.53792856503337338       0.80506699033132378       0.25000000000000000     
  0.37053164010487133       0.89454251082952685       0.25000000000000000     
  0.18889539204367678       0.94964126430177076       0.25000000000000000     
   5.9287958226048986E-017  0.96824583655185426       0.25000000000000000     
 -0.18889539204367667       0.94964126430177076       0.25000000000000000     
 -0.37053164010487122       0.89454251082952685       0.25000000000000000     
 -0.53792856503337305       0.80506699033132401       0.25000000000000000     
 -0.68465319688145765       0.68465319688145776       0.25000000000000000     
 -0.80506699033132390       0.53792856503337327       0.25000000000000000     
 -0.89454251082952685       0.37053164010487133       0.25000000000000000     
 -0.94964126430177076       0.18889539204367706       0.25000000000000000     
 -0.96824583655185426        1.1857591645209797E-016  0.25000000000000000     
 -0.94964126430177076      -0.18889539204367684       0.25000000000000000     
 -0.89454251082952685      -0.37053164010487116       0.25000000000000000     
 -0.80506699033132401      -0.53792856503337305       0.25000000000000000     
 -0.68465319688145787      -0.68465319688145765       0.25000000000000000     
 -0.53792856503337327      -0.80506699033132390       0.25000000000000000     
 -0.37053164010487183      -0.89454251082952663       0.25000000000000000     
 -0.18889539204367714      -0.94964126430177065       0.25000000000000000     
  -1.7786387467814693E-016 -0.96824583655185426       0.25000000000000000     
  0.18889539204367675      -0.94964126430177076       0.25000000000000000     
  0.37053164010487150      -0.89454251082952674       0.25000000000000000     
  0.53792856503337294      -0.80506699033132412       0.25000000000000000     
  0.68465319688145765      -0.68465319688145787       0.25000000000000000     
  0.80506699033132390      -0.53792856503337327       0.25000000000000000     
  0.89454251082952663      -0.37053164010487188       0.25000000000000000     
  0.94964126430177065      -0.18889539204367720       0.25000000000000000     
  0.98126537365248356        9.6646203716825252E-002  0.16666666666666666     
  0.94355589564297992       0.28622455174145361       0.16666666666666666     
  0.86958609371615925       0.46480345075923585       0.16666666666666666     
  0.76219858587732614       0.62552021382911882       0.16666666666666666     
  0.62552021382911893       0.76219858587732603       0.16666666666666666     
  0.46480345075923601       0.86958609371615914       0.16666666666666666     
  0.28622455174145356       0.94355589564298004       0.16666666666666666     
   9.6646203716825418E-002  0.98126537365248345       0.16666666666666666     
  -9.6646203716825307E-002  0.98126537365248356       0.16666666666666666     
 -0.28622455174145350       0.94355589564298004       0.16666666666666666     
 -0.46480345075923590       0.86958609371615925       0.16666666666666666     
 -0.62552021382911860       0.76219858587732625       0.16666666666666666     
 -0.76219858587732614       0.62552021382911882       0.16666666666666666     
 -0.86958609371615914       0.46480345075923601       0.16666666666666666     
 -0.94355589564297992       0.28622455174145361       0.16666666666666666     
 -0.98126537365248345        9.6646203716825488E-002  0.16666666666666666     
 -0.98126537365248356       -9.6646203716825238E-002  0.16666666666666666     
 -0.94355589564298004      -0.28622455174145345       0.16666666666666666     
 -0.86958609371615925      -0.46480345075923585       0.16666666666666666     
 -0.76219858587732625      -0.62552021382911860       0.16666666666666666     
 -0.62552021382911926      -0.76219858587732581       0.16666666666666666     
 -0.46480345075923607      -0.86958609371615914       0.16666666666666666     
 -0.28622455174145367      -0.94355589564297992       0.16666666666666666     
  -9.6646203716825099E-002 -0.98126537365248356       0.16666666666666666     
   9.6646203716824752E-002 -0.98126537365248356       0.16666666666666666     
  0.28622455174145339      -0.94355589564298004       0.16666666666666666     
  0.46480345075923579      -0.86958609371615925       0.16666666666666666     
  0.62552021382911893      -0.76219858587732603       0.16666666666666666     
  0.76219858587732581      -0.62552021382911926       0.16666666666666666     
  0.86958609371615914      -0.46480345075923613       0.16666666666666666     
  0.94355589564297992      -0.28622455174145373       0.16666666666666666     
  0.98126537365248356       -9.6646203716825169E-002  0.16666666666666666     
  0.99652172859178312        0.0000000000000000        8.3333333333333329E-002
  0.97737384300480390       0.19441174492703972        8.3333333333333329E-002
  0.92066602874871595       0.38135235552389601        8.3333333333333329E-002
  0.82857753532327216       0.55363780896283366        8.3333333333333329E-002
  0.70464727188699017       0.70464727188699006        8.3333333333333329E-002
  0.55363780896283377       0.82857753532327205        8.3333333333333329E-002
  0.38135235552389607       0.92066602874871595        8.3333333333333329E-002
  0.19441174492703978       0.97737384300480390        8.3333333333333329E-002
   6.1019357260035732E-017  0.99652172859178312        8.3333333333333329E-002
 -0.19441174492703966       0.97737384300480390        8.3333333333333329E-002
 -0.38135235552389596       0.92066602874871595        8.3333333333333329E-002
 -0.55363780896283343       0.82857753532327238        8.3333333333333329E-002
 -0.70464727188699006       0.70464727188699017        8.3333333333333329E-002
 -0.82857753532327227       0.55363780896283366        8.3333333333333329E-002
 -0.92066602874871595       0.38135235552389607        8.3333333333333329E-002
 -0.97737384300480390       0.19441174492704005        8.3333333333333329E-002
 -0.99652172859178312        1.2203871452007146E-016   8.3333333333333329E-002
 -0.97737384300480390      -0.19441174492703983        8.3333333333333329E-002
 -0.92066602874871595      -0.38135235552389590        8.3333333333333329E-002
 -0.82857753532327238      -0.55363780896283343        8.3333333333333329E-002
 -0.70464727188699028      -0.70464727188699006        8.3333333333333329E-002
 -0.55363780896283366      -0.82857753532327216        8.3333333333333329E-002
 -0.38135235552389657      -0.92066602874871573        8.3333333333333329E-002
 -0.19441174492704014      -0.97737384300480379        8.3333333333333329E-002
  -1.8305807178010719E-016 -0.99652172859178312        8.3333333333333329E-002
  0.19441174492703975      -0.97737384300480390        8.3333333333333329E-002
  0.38135235552389624      -0.92066602874871584        8.3333333333333329E-002
  0.55363780896283332      -0.82857753532327250        8.3333333333333329E-002
  0.70464727188699006      -0.70464727188699028        8.3333333333333329E-002
  0.82857753532327216      -0.55363780896283366        8.3333333333333329E-002
  0.92066602874871573      -0.38135235552389662        8.3333333333333329E-002
  0.97737384300480379      -0.19441174492704019        8.3333333333333329E-002
  0.99518472667219693        9.8017140329560604E-002   0.0000000000000000     
  0.95694033573220882       0.29028467725446233        0.0000000000000000     
  0.88192126434835505       0.47139673682599764        0.0000000000000000     
  0.77301045336273699       0.63439328416364549        0.0000000000000000     
  0.63439328416364560       0.77301045336273688        0.0000000000000000     
  0.47139673682599781       0.88192126434835494        0.0000000000000000     
  0.29028467725446228       0.95694033573220894        0.0000000000000000     
   9.8017140329560770E-002  0.99518472667219682        0.0000000000000000     
  -9.8017140329560659E-002  0.99518472667219693        0.0000000000000000     
 -0.29028467725446222       0.95694033573220894        0.0000000000000000     
 -0.47139673682599770       0.88192126434835505        0.0000000000000000     
 -0.63439328416364527       0.77301045336273710        0.0000000000000000     
 -0.77301045336273699       0.63439328416364549        0.0000000000000000     
 -0.88192126434835494       0.47139673682599781        0.0000000000000000     
 -0.95694033573220882       0.29028467725446233        0.0000000000000000     
 -0.99518472667219682        9.8017140329560840E-002   0.0000000000000000     
 -0.99518472667219693       -9.8017140329560590E-002   0.0000000000000000     
 -0.95694033573220894      -0.29028467725446216        0.0000000000000000     
 -0.88192126434835505      -0.47139673682599764        0.0000000000000000     
 -0.77301045336273710      -0.63439328416364527        0.0000000000000000     
 -0.63439328416364593      -0.77301045336273666        0.0000000000000000     
 -0.47139673682599786      -0.88192126434835494        0.0000000000000000     
 -0.29028467725446239      -0.95694033573220882        0.0000000000000000     
  -9.8017140329560451E-002 -0.99518472667219693        0.0000000000000000     
   9.8017140329560090E-002 -0.99518472667219693        0.0000000000000000     
  0.29028467725446211      -0.95694033573220894        0.0000000000000000     
  0.47139673682599759      -0.88192126434835505        0.0000000000000000     
  0.63439328416364560      -0.77301045336273688        0.0000000000000000     
  0.77301045336273666      -0.63439328416364593        0.0000000000000000     
  0.88192126434835494      -0.47139673682599792        0.0000000000000000     
  0.95694033573220882      -0.29028467725446244        0.0000000000000000     
  0.99518472667219693       -9.8017140329560520E-002   0.0000000000000000     
  0.99652172859178312        0.0000000000000000       -8.3333333333333329E-002
  0.97737384300480390       0.19441174492703972       -8.3333333333333329E-002
  0.92066602874871595       0.38135235552389601       -8.3333333333333329E-002
  0.82857753532327216       0.55363780896283366       -8.3333333333333329E-002
  0.70464727188699017       0.70464727188699006       -8.3333333333333329E-002
  0.55363780896283377       0.82857753532327205       -8.3333333333333329E-002
  0.38135235552389607       0.92066602874871595       -8.3333333333333329E-002
  0.19441174492703978       0.97737384300480390       -8.3333333333333329E-002
   6.1019357260035732E-017  0.99652172859178312       -8.3333333333333329E-002
 -0.19441174492703966       0.97737384300480390       -8.3333333333333329E-002
 -0.38135235552389596       0.92066602874871595       -8.3333333333333329E-002
 -0.55363780896283343       0.82857753532327238       -8.3333333333333329E-002
 -0.70464727188699006       0.70464727188699017       -8.3333333333333329E-002
 -0.82857753532327227       0.55363780896283366       -8.3333333333333329E-002
 -0.92066602874871595       0.38135235552389607       -8.3333333333333329E-002
 -0.97737384300480390       0.19441174492704005       -8.3333333333333329E-002
 -0.99652172859178312        1.2203871452007146E-016  -8.3333333333333329E-002
 -0.97737384300480390      -0.19441174492703983       -8.3333333333333329E-002
 -0.92066602874871595      -0.38135235552389590       -8.3333333333333329E-002
 -0.82857753532327238      -0.55363780896283343       -8.3333333333333329E-002
 -0.70464727188699028      -0.70464727188699006       -8.3333333333333329E-002
 -0.55363780896283366      -0.82857753532327216       -8.3333333333333329E-002
 -0.38135235552389657      -0.92066602874871573       -8.3333333333333329E-002
 -0.19441174492704014      -0.97737384300480379       -8.3333333333333329E-002
  -1.8305807178010719E-016 -0.99652172859178312       -8.3333333333333329E-002
  0.19441174492703975      -0.97737384300480390       -8.3333333333333329E-002
  0.38135235552389624      -0.92066602874871584       -8.3333333333333329E-002
  0.55363780896283332      -0.82857753532327250       -8.3333333333333329E-002
  0.70464727188699006      -0.70464727188699028       -8.3333333333333329E-002
  0.82857753532327216      -0.55363780896283366       -8.3333333333333329E-002
  0.92066602874871573      -0.38135235552389662       -8.3333333333333329E-002
  0.97737384300480379      -0.19441174492704019       -8.3333333333333329E-002
  0.98126537365248356        9.6646203716825252E-002 -0.16666666666666666     
  0.94355589564297992       0.28622455174145361      -0.16666666666666666     
  0.86958609371615925       0.46480345075923585      -0.16666666666666666     
  0.76219858587732614       0.62552021382911882      -0.16666666666666666     
  0.62552021382911893       0.76219858587732603      -0.16666666666666666     
  0.46480345075923601       0.86958609371615914      -0.16666666666666666     
  0.28622455174145356       0.94355589564298004      -0.16666666666666666     
   9.6646203716825418E-002  0.98126537365248345      -0.16666666666666666     
  -9.6646203716825307E-002  0.98126537365248356      -0.16666666666666666     
 -0.28622455174145350       0.94355589564298004      -0.16666666666666666     
 -0.46480345075923590       0.86958609371615925      -0.16666666666666666     
 -0.62552021382911860       0.76219858587732625      -0.16666666666666666     
 -0.76219858587732614       0.62552021382911882      -0.16666666666666666     
 -0.86958609371615914       0.46480345075923601      -0.16666666666666666     
 -0.94355589564297992       0.28622455174145361      -0.16666666666666666     
 -0.98126537365248345        9.6646203716825488E-002 -0.16666666666666666     
 -0.98126537365248356       -9.6646203716825238E-002 -0.16666666666666666     
 -0.94355589564298004      -0.28622455174145345      -0.16666666666666666     
 -0.86958609371615925      -0.46480345075923585      -0.16666666666666666     
 -0.76219858587732625      -0.62552021382911860      -0.16666666666666666     
 -0.62552021382911926      -0.76219858587732581      -0.16666666666666666     
 -0.46480345075923607      -0.86958609371615914      -0.16666666666666666     
 -0.28622455174145367      -0.94355589564297992      -0.16666666666666666     
  -9.6646203716825099E-002 -0.98126537365248356      -0.16666666666666666     
   9.6646203716824752E-002 -0.98126537365248356      -0.16666666666666666     
  0.28622455174145339      -0.94355589564298004      -0.16666666666666666     
  0.46480345075923579      -0.86958609371615925      -0.16666666666666666     
  0.62552021382911893      -0.76219858587732603      -0.16666666666666666     
  0.76219858587732581      -0.62552021382911926      -0.16666666666666666     
  0.86958609371615914      -0.46480345075923613      -0.16666666666666666     
  0.94355589564297992      -0.28622455174145373      -0.16666666666666666     
  0.98126537365248356       -9.6646203716825169E-002 -0.16666666666666666     
  0.96824583655185426        0.0000000000000000      -0.25000000000000000     
  0.94964126430177076       0.18889539204367672      -0.25000000000000000     
  0.89454251082952685       0.37053164010487127      -0.25000000000000000     
  0.80506699033132390       0.53792856503337327      -0.25000000000000000     
  0.68465319688145776       0.68465319688145765      -0.25000000000000000     
  0.53792856503337338       0.80506699033132378      -0.25000000000000000     
  0.37053164010487133       0.89454251082952685      -0.25000000000000000     
  0.18889539204367678       0.94964126430177076      -0.25000000000000000     
   5.9287958226048986E-017  0.96824583655185426      -0.25000000000000000     
 -0.18889539204367667       0.94964126430177076      -0.25000000000000000     
 -0.37053164010487122       0.89454251082952685      -0.25000000000000000     
 -0.53792856503337305       0.80506699033132401      -0.25000000000000000     
 -0.68465319688145765       0.68465319688145776      -0.25000000000000000     
 -0.80506699033132390       0.53792856503337327      -0.25000000000000000     
 -0.89454251082952685       0.37053164010487133      -0.25000000000000000     
 -0.94964126430177076       0.18889539204367706      -0.25000000000000000     
 -0.96824583655185426        1.1857591645209797E-016 -0.25000000000000000     
 -0.94964126430177076      -0.18889539204367684      -0.25000000000000000     
 -0.89454251082952685      -0.37053164010487116      -0.25000000000000000     
 -0.80506699033132401      -0.53792856503337305      -0.25000000000000000     
 -0.68465319688145787      -0.68465319688145765      -0.25000000000000000     
 -0.53792856503337327      -0.80506699033132390      -0.25000000000000000     
 -0.37053164010487183      -0.89454251082952663      -0.25000000000000000     
 -0.18889539204367714      -0.94964126430177065      -0.25000000000000000     
  -1.7786387467814693E-016 -0.96824583655185426      -0.25000000000000000     
  0.18889539204367675      -0.94964126430177076      -0.25000000000000000     
  0.37053164010487150      -0.89454251082952674      -0.25000000000000000     
  0.53792856503337294      -0.80506699033132412      -0.25000000000000000     
  0.68465319688145765      -0.68465319688145787      -0.25000000000000000     
  0.80506699033132390      -0.53792856503337327      -0.25000000000000000     
  0.89454251082952663      -0.37053164010487188      -0.25000000000000000     
  0.94964126430177065      -0.18889539204367720      -0.25000000000000000     
  0.93826915835092162        9.2411446132727643E-002 -0.33333333333333331     
  0.90221200078290176       0.27368301834823822      -0.33333333333333331     
  0.83148334199111418       0.44443710565183098      -0.33333333333333331     
  0.72880124466783835       0.59811172422842418      -0.33333333333333331     
  0.59811172422842429       0.72880124466783824      -0.33333333333333331     
  0.44443710565183114       0.83148334199111407      -0.33333333333333331     
  0.27368301834823816       0.90221200078290187      -0.33333333333333331     
   9.2411446132727795E-002  0.93826915835092162      -0.33333333333333331     
  -9.2411446132727698E-002  0.93826915835092162      -0.33333333333333331     
 -0.27368301834823811       0.90221200078290187      -0.33333333333333331     
 -0.44443710565183103       0.83148334199111418      -0.33333333333333331     
 -0.59811172422842396       0.72880124466783847      -0.33333333333333331     
 -0.72880124466783835       0.59811172422842418      -0.33333333333333331     
 -0.83148334199111407       0.44443710565183114      -0.33333333333333331     
 -0.90221200078290176       0.27368301834823822      -0.33333333333333331     
 -0.93826915835092162        9.2411446132727865E-002 -0.33333333333333331     
 -0.93826915835092162       -9.2411446132727629E-002 -0.33333333333333331     
 -0.90221200078290187      -0.27368301834823805      -0.33333333333333331     
 -0.83148334199111418      -0.44443710565183098      -0.33333333333333331     
 -0.72880124466783847      -0.59811172422842396      -0.33333333333333331     
 -0.59811172422842462      -0.72880124466783802      -0.33333333333333331     
 -0.44443710565183120      -0.83148334199111407      -0.33333333333333331     
 -0.27368301834823827      -0.90221200078290176      -0.33333333333333331     
  -9.2411446132727504E-002 -0.93826915835092162      -0.33333333333333331     
   9.2411446132727157E-002 -0.93826915835092162      -0.33333333333333331     
  0.27368301834823799      -0.90221200078290187      -0.33333333333333331     
  0.44443710565183092      -0.83148334199111418      -0.33333333333333331     
  0.59811172422842429      -0.72880124466783824      -0.33333333333333331     
  0.72880124466783802      -0.59811172422842462      -0.33333333333333331     
  0.83148334199111407      -0.44443710565183125      -0.33333333333333331     
  0.90221200078290176      -0.27368301834823833      -0.33333333333333331     
  0.93826915835092162       -9.2411446132727559E-002 -0.33333333333333331     
  0.90905934288630952        0.0000000000000000      -0.41666666666666669     
  0.89159202251592551       0.17734867993546008      -0.41666666666666669     
  0.83986132073082120       0.34788194955928597      -0.41666666666666669     
  0.75585521938968636       0.50504631095599339      -0.41666666666666669     
  0.64280202585589641       0.64280202585589630      -0.41666666666666669     
  0.50504631095599350       0.75585521938968625      -0.41666666666666669     
  0.34788194955928603       0.83986132073082120      -0.41666666666666669     
  0.17734867993546011       0.89159202251592551      -0.41666666666666669     
   5.5663830725035761E-017  0.90905934288630952      -0.41666666666666669     
 -0.17734867993546002       0.89159202251592551      -0.41666666666666669     
 -0.34788194955928592       0.83986132073082120      -0.41666666666666669     
 -0.50504631095599317       0.75585521938968647      -0.41666666666666669     
 -0.64280202585589630       0.64280202585589641      -0.41666666666666669     
 -0.75585521938968636       0.50504631095599339      -0.41666666666666669     
 -0.83986132073082120       0.34788194955928603      -0.41666666666666669     
 -0.89159202251592551       0.17734867993546036      -0.41666666666666669     
 -0.90905934288630952        1.1132766145007152E-016 -0.41666666666666669     
 -0.89159202251592551      -0.17734867993546016      -0.41666666666666669     
 -0.83986132073082120      -0.34788194955928586      -0.41666666666666669     
 -0.75585521938968647      -0.50504631095599317      -0.41666666666666669     
 -0.64280202585589652      -0.64280202585589630      -0.41666666666666669     
 -0.50504631095599339      -0.75585521938968636      -0.41666666666666669     
 -0.34788194955928647      -0.83986132073082098      -0.41666666666666669     
 -0.17734867993546044      -0.89159202251592540      -0.41666666666666669     
  -1.6699149217510727E-016 -0.90905934288630952      -0.41666666666666669     
  0.17734867993546008      -0.89159202251592551      -0.41666666666666669     
  0.34788194955928620      -0.83986132073082109      -0.41666666666666669     
  0.50504631095599306      -0.75585521938968658      -0.41666666666666669     
  0.64280202585589630      -0.64280202585589652      -0.41666666666666669     
  0.75585521938968636      -0.50504631095599339      -0.41666666666666669     
  0.83986132073082098      -0.34788194955928653      -0.41666666666666669     
  0.89159202251592540      -0.17734867993546050      -0.41666666666666669     
  0.86185525475639546        8.4885333531703702E-002 -0.50000000000000000     
  0.82873464065010238       0.25139390483173119      -0.50000000000000000     
  0.76376621906336684       0.40824154935240137      -0.50000000000000000     
  0.66944669000305623       0.54940070007595720      -0.50000000000000000     
  0.54940070007595732       0.66944669000305612      -0.50000000000000000     
  0.40824154935240148       0.76376621906336672      -0.50000000000000000     
  0.25139390483173113       0.82873464065010249      -0.50000000000000000     
   8.4885333531703841E-002  0.86185525475639546      -0.50000000000000000     
  -8.4885333531703744E-002  0.86185525475639546      -0.50000000000000000     
 -0.25139390483173107       0.82873464065010249      -0.50000000000000000     
 -0.40824154935240137       0.76376621906336684      -0.50000000000000000     
 -0.54940070007595698       0.66944669000305634      -0.50000000000000000     
 -0.66944669000305623       0.54940070007595720      -0.50000000000000000     
 -0.76376621906336672       0.40824154935240148      -0.50000000000000000     
 -0.82873464065010238       0.25139390483173119      -0.50000000000000000     
 -0.86185525475639546        8.4885333531703910E-002 -0.50000000000000000     
 -0.86185525475639546       -8.4885333531703688E-002 -0.50000000000000000     
 -0.82873464065010249      -0.25139390483173102      -0.50000000000000000     
 -0.76376621906336684      -0.40824154935240137      -0.50000000000000000     
 -0.66944669000305634      -0.54940070007595698      -0.50000000000000000     
 -0.54940070007595754      -0.66944669000305601      -0.50000000000000000     
 -0.40824154935240153      -0.76376621906336672      -0.50000000000000000     
 -0.25139390483173124      -0.82873464065010238      -0.50000000000000000     
  -8.4885333531703563E-002 -0.86185525475639546      -0.50000000000000000     
   8.4885333531703258E-002 -0.86185525475639546      -0.50000000000000000     
  0.25139390483173096      -0.82873464065010249      -0.50000000000000000     
  0.40824154935240131      -0.76376621906336684      -0.50000000000000000     
  0.54940070007595732      -0.66944669000305612      -0.50000000000000000     
  0.66944669000305601      -0.54940070007595754      -0.50000000000000000     
  0.76376621906336672      -0.40824154935240159      -0.50000000000000000     
  0.82873464065010238      -0.25139390483173130      -0.50000000000000000     
  0.86185525475639546       -8.4885333531703633E-002 -0.50000000000000000     
  0.81223286206741363        0.0000000000000000      -0.58333333333333337     
  0.79662603537550669       0.15845877061281322      -0.58333333333333337     
  0.75040531689714651       0.31082805953567838      -0.58333333333333337     
  0.67534694292257913       0.45125240044497139      -0.58333333333333337     
  0.57433536467042590       0.57433536467042579      -0.58333333333333337     
  0.45125240044497150       0.67534694292257902      -0.58333333333333337     
  0.31082805953567844       0.75040531689714651      -0.58333333333333337     
  0.15845877061281324       0.79662603537550669      -0.58333333333333337     
   4.9734918734657584E-017  0.81223286206741363      -0.58333333333333337     
 -0.15845877061281316       0.79662603537550669      -0.58333333333333337     
 -0.31082805953567832       0.75040531689714651      -0.58333333333333337     
 -0.45125240044497122       0.67534694292257924      -0.58333333333333337     
 -0.57433536467042579       0.57433536467042590      -0.58333333333333337     
 -0.67534694292257924       0.45125240044497139      -0.58333333333333337     
 -0.75040531689714651       0.31082805953567844      -0.58333333333333337     
 -0.79662603537550669       0.15845877061281347      -0.58333333333333337     
 -0.81223286206741363        9.9469837469315169E-017 -0.58333333333333337     
 -0.79662603537550669      -0.15845877061281330      -0.58333333333333337     
 -0.75040531689714651      -0.31082805953567827      -0.58333333333333337     
 -0.67534694292257924      -0.45125240044497122      -0.58333333333333337     
 -0.57433536467042601      -0.57433536467042579      -0.58333333333333337     
 -0.45125240044497139      -0.67534694292257913      -0.58333333333333337     
 -0.31082805953567882      -0.75040531689714640      -0.58333333333333337     
 -0.15845877061281355      -0.79662603537550658      -0.58333333333333337     
  -1.4920475620397275E-016 -0.81223286206741363      -0.58333333333333337     
  0.15845877061281322      -0.79662603537550669      -0.58333333333333337     
  0.31082805953567855      -0.75040531689714651      -0.58333333333333337     
  0.45125240044497111      -0.67534694292257935      -0.58333333333333337     
  0.57433536467042579      -0.57433536467042601      -0.58333333333333337     
  0.67534694292257913      -0.45125240044497139      -0.58333333333333337     
  0.75040531689714640      -0.31082805953567888      -0.58333333333333337     
  0.79662603537550658      -0.15845877061281358      -0.58333333333333337     
  0.74176689966952680        7.3057662912344556E-002 -0.66666666666666663     
  0.71326121370289663       0.21636542372252160      -0.66666666666666663     
  0.65734529929516117       0.35135838263816971      -0.66666666666666663     
  0.57616797367900363       0.47284883595308402      -0.66666666666666663     
  0.47284883595308413       0.57616797367900352      -0.66666666666666663     
  0.35135838263816987       0.65734529929516117      -0.66666666666666663     
  0.21636542372252154       0.71326121370289675      -0.66666666666666663     
   7.3057662912344667E-002  0.74176689966952669      -0.66666666666666663     
  -7.3057662912344584E-002  0.74176689966952680      -0.66666666666666663     
 -0.21636542372252152       0.71326121370289675      -0.66666666666666663     
 -0.35135838263816976       0.65734529929516117      -0.66666666666666663     
 -0.47284883595308386       0.57616797367900374      -0.66666666666666663     
 -0.57616797367900363       0.47284883595308402      -0.66666666666666663     
 -0.65734529929516117       0.35135838263816987      -0.66666666666666663     
 -0.71326121370289663       0.21636542372252160      -0.66666666666666663     
 -0.74176689966952669        7.3057662912344723E-002 -0.66666666666666663     
 -0.74176689966952680       -7.3057662912344543E-002 -0.66666666666666663     
 -0.71326121370289675      -0.21636542372252146      -0.66666666666666663     
 -0.65734529929516117      -0.35135838263816971      -0.66666666666666663     
 -0.57616797367900374      -0.47284883595308386      -0.66666666666666663     
 -0.47284883595308436      -0.57616797367900341      -0.66666666666666663     
 -0.35135838263816987      -0.65734529929516117      -0.66666666666666663     
 -0.21636542372252163      -0.71326121370289663      -0.66666666666666663     
  -7.3057662912344432E-002 -0.74176689966952680      -0.66666666666666663     
   7.3057662912344168E-002 -0.74176689966952680      -0.66666666666666663     
  0.21636542372252143      -0.71326121370289675      -0.66666666666666663     
  0.35135838263816971      -0.65734529929516117      -0.66666666666666663     
  0.47284883595308413      -0.57616797367900352      -0.66666666666666663     
  0.57616797367900341      -0.47284883595308436      -0.66666666666666663     
  0.65734529929516117      -0.35135838263816993      -0.66666666666666663     
  0.71326121370289663      -0.21636542372252168      -0.66666666666666663     
  0.74176689966952680       -7.3057662912344487E-002 -0.66666666666666663     
  0.66310124134447068        7.4713566313694579E-002 -0.74479166666666663     
  0.62985057623381002       0.22039424874943153      -0.74479166666666663     
  0.56501657320382315       0.35502344326663499      -0.74479166666666663     
  0.47185027988965361       0.47185027988965356      -0.74479166666666663     
  0.35502344326663510       0.56501657320382315      -0.74479166666666663     
  0.22039424874943170       0.62985057623380991      -0.74479166666666663     
   7.4713566313694468E-002  0.66310124134447068      -0.74479166666666663     
  -7.4713566313694399E-002  0.66310124134447068      -0.74479166666666663     
 -0.22039424874943164       0.62985057623380991      -0.74479166666666663     
 -0.35502344326663493       0.56501657320382315      -0.74479166666666663     
 -0.47185027988965356       0.47185027988965361      -0.74479166666666663     
 -0.56501657320382315       0.35502344326663510      -0.74479166666666663     
 -0.62985057623381002       0.22039424874943159      -0.74479166666666663     
 -0.66310124134447068        7.4713566313694663E-002 -0.74479166666666663     
 -0.66310124134447068       -7.4713566313694496E-002 -0.74479166666666663     
 -0.62985057623381002      -0.22039424874943148      -0.74479166666666663     
 -0.56501657320382315      -0.35502344326663493      -0.74479166666666663     
 -0.47185027988965367      -0.47185027988965356      -0.74479166666666663     
 -0.35502344326663515      -0.56501657320382304      -0.74479166666666663     
 -0.22039424874943164      -0.62985057623380991      -0.74479166666666663     
  -7.4713566313694704E-002 -0.66310124134447068      -0.74479166666666663     
   7.4713566313694454E-002 -0.66310124134447068      -0.74479166666666663     
  0.22039424874943145      -0.62985057623381002      -0.74479166666666663     
  0.35502344326663487      -0.56501657320382326      -0.74479166666666663     
  0.47185027988965356      -0.47185027988965367      -0.74479166666666663     
  0.56501657320382304      -0.35502344326663515      -0.74479166666666663     
  0.62985057623380991      -0.22039424874943167      -0.74479166666666663     
  0.66310124134447068       -7.4713566313694746E-002 -0.74479166666666663     
  0.57797387701691383        7.6091704449547076E-002 -0.81250000000000000     
  0.53858591244520382       0.22308958943789176      -0.81250000000000000     
  0.46249420799565677       0.35488428757902213      -0.81250000000000000     
  0.35488428757902218       0.46249420799565671      -0.81250000000000000     
  0.22308958943789181       0.53858591244520382      -0.81250000000000000     
   7.6091704449547160E-002  0.57797387701691383      -0.81250000000000000     
  -7.6091704449547090E-002  0.57797387701691383      -0.81250000000000000     
 -0.22308958943789162       0.53858591244520393      -0.81250000000000000     
 -0.35488428757902213       0.46249420799565677      -0.81250000000000000     
 -0.46249420799565666       0.35488428757902224      -0.81250000000000000     
 -0.53858591244520382       0.22308958943789181      -0.81250000000000000     
 -0.57797387701691383        7.6091704449547312E-002 -0.81250000000000000     
 -0.57797387701691383       -7.6091704449547187E-002 -0.81250000000000000     
 -0.53858591244520382      -0.22308958943789170      -0.81250000000000000     
 -0.46249420799565677      -0.35488428757902213      -0.81250000000000000     
 -0.35488428757902224      -0.46249420799565666      -0.81250000000000000     
 -0.22308958943789162      -0.53858591244520393      -0.81250000000000000     
  -7.6091704449547104E-002 -0.57797387701691383      -0.81250000000000000     
   7.6091704449546882E-002 -0.57797387701691394      -0.81250000000000000     
  0.22308958943789142      -0.53858591244520404      -0.81250000000000000     
  0.35488428757902168      -0.46249420799565710      -0.81250000000000000     
  0.46249420799565666      -0.35488428757902224      -0.81250000000000000     
  0.53858591244520393      -0.22308958943789164      -0.81250000000000000     
  0.57797387701691383       -7.6091704449547132E-002 -0.81250000000000000     
  0.48734434049101072        7.7187760613998985E-002 -0.86979166666666663     
  0.43963968091606892       0.22400760603434725      -0.86979166666666663     
  0.34890002622328808       0.34890002622328803      -0.86979166666666663     
  0.22400760603434727       0.43963968091606886      -0.86979166666666663     
   7.7187760613999012E-002  0.48734434049101072      -0.86979166666666663     
  -7.7187760613998846E-002  0.48734434049101072      -0.86979166666666663     
 -0.22400760603434725       0.43963968091606892      -0.86979166666666663     
 -0.34890002622328803       0.34890002622328808      -0.86979166666666663     
 -0.43963968091606886       0.22400760603434730      -0.86979166666666663     
 -0.48734434049101066        7.7187760613999040E-002 -0.86979166666666663     
 -0.48734434049101072       -7.7187760613998929E-002 -0.86979166666666663     
 -0.43963968091606892      -0.22400760603434722      -0.86979166666666663     
 -0.34890002622328814      -0.34890002622328803      -0.86979166666666663     
 -0.22400760603434733      -0.43963968091606886      -0.86979166666666663     
  -7.7187760613999082E-002 -0.48734434049101066      -0.86979166666666663     
   7.7187760613998888E-002 -0.48734434049101072      -0.86979166666666663     
  0.22400760603434719      -0.43963968091606898      -0.86979166666666663     
  0.34890002622328803      -0.34890002622328814      -0.86979166666666663     
  0.43963968091606886      -0.22400760603434736      -0.86979166666666663     
  0.48734434049101066       -7.7187760613999110E-002 -0.86979166666666663     
  0.39197341377990980        7.7968359684848110E-002 -0.91666666666666663     
  0.33229901477976265       0.22203510307746677      -0.91666666666666663     
  0.22203510307746682       0.33229901477976259      -0.91666666666666663     
   7.7968359684848138E-002  0.39197341377990980      -0.91666666666666663     
  -7.7968359684848082E-002  0.39197341377990980      -0.91666666666666663     
 -0.22203510307746668       0.33229901477976276      -0.91666666666666663     
 -0.33229901477976270       0.22203510307746677      -0.91666666666666663     
 -0.39197341377990980        7.7968359684848249E-002 -0.91666666666666663     
 -0.39197341377990980       -7.7968359684848151E-002 -0.91666666666666663     
 -0.33229901477976276      -0.22203510307746668      -0.91666666666666663     
 -0.22203510307746677      -0.33229901477976265      -0.91666666666666663     
  -7.7968359684848276E-002 -0.39197341377990974      -0.91666666666666663     
   7.7968359684848124E-002 -0.39197341377990980      -0.91666666666666663     
  0.22203510307746663      -0.33229901477976281      -0.91666666666666663     
  0.33229901477976265      -0.22203510307746677      -0.91666666666666663     
  0.39197341377990974       -7.7968359684848304E-002 -0.91666666666666663     
  0.29226676866321871        7.8312644637763218E-002 -0.95312500000000000     
  0.21395412402545552       0.21395412402545549      -0.95312500000000000     
   7.8312644637763218E-002  0.29226676866321871      -0.95312500000000000     
  -7.8312644637763176E-002  0.29226676866321871      -0.95312500000000000     
 -0.21395412402545549       0.21395412402545552      -0.95312500000000000     
 -0.29226676866321871        7.8312644637763301E-002 -0.95312500000000000     
 -0.29226676866321871       -7.8312644637763232E-002 -0.95312500000000000     
 -0.21395412402545563      -0.21395412402545538      -0.95312500000000000     
  -7.8312644637763176E-002 -0.29226676866321871      -0.95312500000000000     
   7.8312644637763079E-002 -0.29226676866321877      -0.95312500000000000     
  0.21395412402545549      -0.21395412402545555      -0.95312500000000000     
  0.29226676866321866       -7.8312644637763454E-002 -0.95312500000000000     
  0.18760132922428663        7.7707014883919595E-002 -0.97916666666666663     
   7.7707014883919609E-002  0.18760132922428663      -0.97916666666666663     
  -7.7707014883919581E-002  0.18760132922428663      -0.97916666666666663     
 -0.18760132922428663        7.7707014883919609E-002 -0.97916666666666663     
 -0.18760132922428663       -7.7707014883919567E-002 -0.97916666666666663     
  -7.7707014883919706E-002 -0.18760132922428660      -0.97916666666666663     
   7.7707014883919637E-002 -0.18760132922428663      -0.97916666666666663     
  0.18760132922428660       -7.7707014883919720E-002 -0.97916666666666663     
   7.2074752620302329E-002   7.2074752620302315E-002 -0.99479166666666663     
  -7.2074752620302315E-002   7.2074752620302329E-002 -0.99479166666666663     
  -7.2074752620302343E-002  -7.2074752620302315E-002 -0.99479166666666663     
   7.2074752620302315E-002  -7.2074752620302343E-002 -0.99479166666666663     
