1.000000000000000056e-01
1.023340212191641979e-01
1.047225189888434937e-01
1.071667648032863518e-01
1.096680598336868540e-01
1.122277356208507687e-01
1.148471547840289320e-01
1.175277117462945192e-01
1.202708334768511633e-01
1.230779802506665188e-01
1.259506464258358105e-01
1.288903612390892850e-01
1.318986896198670322e-01
1.349772330233942608e-01
1.381276302832009917e-01
1.413515584835395578e-01
1.446507338521646480e-01
1.480269126739509333e-01
1.514818922258345801e-01
1.550175117335770014e-01
1.586356533508590516e-01
1.623382431612278576e-01
1.661272522034293042e-01
1.700046975206717659e-01
1.739726432343801643e-01
1.780332016430113962e-01
1.821885343465167173e-01
1.864408533970486059e-01
1.907924224765266130e-01
1.952455581016860897e-01
1.998026308572550258e-01
2.044660666579116715e-01
2.092383480396977358e-01
2.141220154815729471e-01
2.191196687578149116e-01
2.242339683219846114e-01
2.294676367231936187e-01
2.348234600554276463e-01
2.403042894406968444e-01
2.459130425468045167e-01
2.516527051405391679e-01
2.575263326771200512e-01
2.635370519267394296e-01
2.696880626390693036e-01
2.759826392466180334e-01
2.824241326078434922e-01
2.890159717909510095e-01
2.957616658993253433e-01
3.026648059395692369e-01
3.097290667331408232e-01
3.169582088726116131e-01
3.243560807235811305e-01
3.319266204733188896e-01
3.396738582272207929e-01
3.476019181541978309e-01
3.557150206821386162e-01
3.640174847446140394e-01
3.725137300800211437e-01
3.812082795843889094e-01
3.901057617190992199e-01
3.992109129748051544e-01
4.085285803928562220e-01
4.180637241455757991e-01
4.278214201767616132e-01
4.378068629038168735e-01
4.480253679829490632e-01
4.584823751389096036e-01
4.691834510607797992e-01
4.801342923653452721e-01
4.913407286296362919e-01
5.028087254942479323e-01
5.145443878390927317e-01
5.265539630332757293e-01
5.388438442608223244e-01
5.514205739240300996e-01
5.642908471262539916e-01
5.774615152359821035e-01
5.909395895340970872e-01
6.047322449462647631e-01
6.188468238624386109e-01
6.332908400455115050e-01
6.480719826311969189e-01
6.631981202212672288e-01
6.786773050723297063e-01
6.945177773823696388e-01
7.107279696773417532e-01
7.273165113001457405e-01
7.442922330043759693e-01
7.616641716552892127e-01
7.794415750404949383e-01
7.976339067929276716e-01
8.162508514287228900e-01
8.353023195026776371e-01
8.547984528840409935e-01
8.747496301554417153e-01
8.951664721378301826e-01
9.160598475443707533e-01
9.374408787662995568e-01
9.593209477938243745e-01
9.817117022752193112e-01
1.004625061717340895e+00
1.028073223830865190e+00
1.052068671023622892e+00
1.076624177045493402e+00
1.101752813788386742e+00
1.127467958244946722e+00
1.153783299629660863e+00
1.180712846666189586e+00
1.208270935044776451e+00
1.236472235053714952e+00
1.265331759388942823e+00
1.294864871145904317e+00
1.325087291997953276e+00
1.356015110565633286e+00
1.387664790981308460e+00
1.420053181653682550e+00
1.453197524236896188e+00
1.487115462808953792e+00
1.521825053264386218e+00
1.557344772926134269e+00
1.593693530381774526e+00
1.630890675549332647e+00
1.668956009978024069e+00
1.707909797389427720e+00
1.747772774464680934e+00
1.788566161883461847e+00
1.830311675620612144e+00
1.873031538506437554e+00
1.916748492056814968e+00
1.961485808579430445e+00
2.007267303562569438e+00
2.054117348353064365e+00
2.102060883130158597e+00
2.151123430182166008e+00
2.201331107493031070e+00
2.252710642645980421e+00
2.305289387051708605e+00
2.359095330508635069e+00
2.414157116103019085e+00
2.470504055456825387e+00
2.528166144331499332e+00
2.587174078595922744e+00
2.647559270567066747e+00
2.709353865732051503e+00
2.772590759860482645e+00
2.837303616516213101e+00
2.903526884977813971e+00
2.971295818577333936e+00
3.040646493467066946e+00
3.111615827824361524e+00
3.184241601504652852e+00
3.258562476153224807e+00
3.334618015786364520e+00
3.412448707852889562e+00
3.492095984787271234e+00
3.573602246065786581e+00
3.657010880777491479e+00
3.742366290721980793e+00
3.829713914046280809e+00
3.919100249433403960e+00
4.010572880855495903e+00
4.104180502904709371e+00
4.199972946715304190e+00
4.298001206490796200e+00
4.398317466650223828e+00
4.500975129608046466e+00
4.606028844202400663e+00
4.713534534786909092e+00
4.823549431001467269e+00
4.936132098237917099e+00
5.051342468816764075e+00
5.169241873891598615e+00
5.289893076098151070e+00
5.413360302965378068e+00
5.539709281106403260e+00
5.669007271207433973e+00
5.801323103833378347e+00
5.936727216069122903e+00
6.075291689016074415e+00
6.217090286163826640e+00
6.362198492657488380e+00
6.510693555481458006e+00
6.662654524581149929e+00
6.818162294944479562e+00
6.977299649665534176e+00
7.140151304013399702e+00
7.306803950529499936e+00
7.477346305177587915e+00
7.651869154570821507e+00
7.830465404301186538e+00
8.013230128396886087e+00
8.200260619934130801e+00
8.391656442830157658e+00
8.587519484845170581e+00
8.787954011821319966e+00
8.993066723187618905e+00
9.202966808760415063e+00
9.417766006869518591e+00
9.637578663841088300e+00
9.862521794868779779e+00
1.009271514630570721e+01
1.032828125941028574e+01
1.056934553557988288e+01
1.081603630310709363e+01
1.106848488549412046e+01
1.132682567136153828e+01
1.159119618598885637e+01
1.186173716452477933e+01
1.213859262690627716e+01
1.242190995452617486e+01
1.271183996869028832e+01
1.300853701090570524e+01
1.331215902504307635e+01
1.362286764141646778e+01
1.394082826282577159e+01
1.426621015260736947e+01
1.459918652473978717e+01
1.493993463605257688e+01
1.528863588058729484e+01
1.564547588616095730e+01
1.601064461318317811e+01
1.638433645577984876e+01
1.676675034527699282e+01
1.715808985610004811e+01
1.755856331414468841e+01
1.796838390767719318e+01
1.838776980082326773e+01
1.881694424970555701e+01
1.925613572129198658e+01
1.970557801501798423e+01
2.016551038724746547e+01
2.063617767863858532e+01
2.111783044448244340e+01
2.161072508808376469e+01
2.211512399725488720e+01
2.263129568399529745e+01
2.315951492743151974e+01
2.370006292009328064e+01
2.425322741760352940e+01
2.481930289186255223e+01
2.539859068780723916e+01
2.599139918382932990e+01
2.659804395593758386e+01
2.721884794575179711e+01
2.785414163241766161e+01
2.850426320853434703e+01
2.916955876018796090e+01
2.985038245118729350e+01
3.054709671159968210e+01
3.126007243068703545e+01
3.198968915434537763e+01
3.273633528715244267e+01
3.350040829913132967e+01
3.428231493733970581e+01
3.508247144239792448e+01
3.590130377007068319e+01
3.673924781802074335e+01
3.759674965785467293e+01
3.847426577258502078e+01
3.937226329963479543e+01
4.029122027951348173e+01
4.123162591029752377e+01
4.219398080805024165e+01
4.317879727332021389e+01
4.418659956385941712e+01
4.521792417370701855e+01
4.627332011878688434e+01
4.735334922917115819e+01
4.845858644816495797e+01
4.958962013837211913e+01
5.074705239490465658e+01
5.193149936590211979e+01
5.314359158053241572e+01
5.438397428464796235e+01
5.565330778427645697e+01
5.695226779712825049e+01
5.828154581230845821e+01
5.964184945842459484e+01
6.103390288028621313e+01
6.245844712439618007e+01
6.391624053343998924e+01
6.540805914998252035e+01
6.693469712958660978e+01
6.849696716357446746e+01
7.009570091165618066e+01
7.173174944465613123e+01
7.340598369757212538e+01
7.511929493320968731e+01
7.687259521663727924e+01
7.866681790071581304e+01
8.050291812295981231e+01
8.238187331399601021e+01
8.430468371788967374e+01
8.627237292461450124e+01
8.828598841495150396e+01
9.034660211810525254e+01
9.245531098233570333e+01
9.461323755890769860e+01
9.682153059967086506e+01
9.908136566858665617e+01
1.013939457675291749e+02
1.037605019766911738e+02
1.061822941099383542e+02
1.086606113854596884e+02
1.111967731120698915e+02
1.137921293915315033e+02
1.164480618372685541e+02
1.191659843098558724e+02
1.219473436696738275e+02
1.247936205471311411e+02
1.277063301308643446e+02
1.306870229743346385e+02
1.337372858212496283e+02
1.368587424502517820e+02
1.400530545393219768e+02
1.433219225503573853e+02
1.466670866343968669e+02
1.500903275579734952e+02
1.535934676510896963e+02
1.571783717773162721e+02
1.608469483265355109e+02
1.646011502308549836e+02
1.684429760042315252e+02
1.723744708063619839e+02
1.763977275314043425e+02
1.805148879221108302e+02
1.847281437099634047e+02
1.890397377819221560e+02
1.934519653744044376e+02
1.979671752951332735e+02
2.025877711735017215e+02
2.073162127401228929e+02
2.121550171362450214e+02
2.171067602537264918e+02
2.221740781062884764e+02
2.273596682327715257e+02
2.326662911331457906e+02
2.380967717380358408e+02
2.436540009125465929e+02
2.493409369951878034e+02
2.551606073727183741e+02
2.611161100917459521e+02
2.672106155079432597e+02
2.734473679737579914e+02
2.798296875655115628e+02
2.863609718508116089e+02
2.930446976972141329e+02
2.998844231231027493e+02
3.068837891917642082e+02
3.140465219496752525e+02
3.213764344100275707e+02
3.288774285825510333e+02
3.365534975507094373e+02
3.444087275973819828e+02
3.524473003801584241e+02
3.606734951574027832e+02
3.690916910662778605e+02
3.777063694539364747e+02
3.865221162631261791e+02
3.955436244734701745e+02
4.047756965997322141e+02
4.142232472483893844e+02
4.238913057338778572e+02
4.337850187558988750e+02
4.439096531392166298e+02
4.542705986374043050e+02
4.648733708020256472e+02
4.757236139187889421e+02
4.868271040122278919e+02
4.981897519205160165e+02
5.098176064420424609e+02
5.217168575554348990e+02
5.338938397147350088e+02
5.463550352214875829e+02
5.591070776755293537e+02
5.721567555063245436e+02
5.855110155867238291e+02
5.991769669310618838e+02
6.131618844795775658e+02
6.274732129711574089e+02
6.421185709064758385e+02
6.571057546036270196e+02
6.724427423484249857e+02
6.881376986415663168e+02
7.041989785449288775e+02
7.206351321293052479e+02
7.374549090259546347e+02
7.546672630843886509e+02
7.722813571388642231e+02
7.903065678861347578e+02
8.087524908770449201e+02
8.276289456246344116e+02
8.469459808314585416e+02
8.667138797389233105e+02
8.869431656014704686e+02
9.076446072885356671e+02
9.288292250172498825e+02
9.505082962189502496e+02
9.726933615426169126e+02
9.953962309984233343e+02
1.018628990244686520e+03
1.042404007021555799e+03
1.066733937734857136e+03
1.091631734193614648e+03
1.117110650504824207e+03
1.143184250129150314e+03
1.169866413101305625e+03
1.197171343418965762e+03
1.225113576604117725e+03
1.253707987440919624e+03
1.282969797894147632e+03
1.312914585212465227e+03
1.343558290220826166e+03
1.374917225806420447e+03
1.407008085602683650e+03
1.439847952876006502e+03
1.473454309619834248e+03
1.507845045861050949e+03
1.543038469183564530e+03
1.579053314474175750e+03
1.615908753895919062e+03
1.653624407094178878e+03
1.692220351641035450e+03
1.731717133723352845e+03
1.772135779080358361e+03
1.813497804196495281e+03
1.855825227755518881e+03
1.899140582361935458e+03
1.943466926536018264e+03
1.988827856988807753e+03
2.035247521183575600e+03
2.082750630190514130e+03
2.131362471841437582e+03
2.181108924191520146e+03
2.232016469295234401e+03
2.284112207303825471e+03
2.337423870891812385e+03
2.391979840020237134e+03
2.447809157044440326e+03
2.504941542174502501e+03
2.563407409296515198e+03
2.623237882163123686e+03
2.684464810961965213e+03
2.747120789270808928e+03
2.811239171408461061e+03
2.876854090190591251e+03
2.944000475100033782e+03
3.012714070881164389e+03
3.083031456568277008e+03
3.154990064958088624e+03
3.228628202536726803e+03
3.303985069871854648e+03
3.381100782480682028e+03
3.460016392185108998e+03
3.540773908965269584e+03
3.623416323323149754e+03
3.707987629168172589e+03
3.794532847236942416e+03
3.883098049059601180e+03
3.973730381485604084e+03
4.066478091781853891e+03
4.161390553316707155e+03
4.258518291843414772e+03
4.357913012397029888e+03
4.459627626819095894e+03
4.563716281924754185e+03
4.670234388327330635e+03
4.779238649935595276e+03
4.890787094139589499e+03
5.004939102700953299e+03
5.121755443364241728e+03
5.241298302206061635e+03
5.363631316739234535e+03
5.488819609789666174e+03
5.616929824163803460e+03
5.748030158125350681e+03
5.882190401699956055e+03
6.019481973827274487e+03
6.159977960380168952e+03
6.303753153071281304e+03
6.450884089267686250e+03
6.601449092734883379e+03
6.755528315331639533e+03
6.913203779678127830e+03
7.074559422819878819e+03
7.239681140910876820e+03
7.408656834939567489e+03
7.581576457522102828e+03
7.758532060787827504e+03
7.939617845382275846e+03
8.124930210614047610e+03
8.314567805772063366e+03
8.508631582640580746e+03
8.707224849239921241e+03
8.910453324821502974e+03
9.118425196146561575e+03
9.331251175078239612e+03
9.549044557518078364e+03
9.771921283717996630e+03
1.000000000000000000e+04
