1.000000000000000077e-43
9.839952296278286659e-44
9.682466119303073412e-44
9.527500472427299896e-44
9.375015015145347494e-44
9.224970052592136940e-44
9.077326525210242581e-44
8.932045998581032378e-44
8.789090653419927240e-44
8.648423275731744187e-44
8.510007247122176465e-44
8.373806535266472002e-44
8.239785684528544546e-44
8.107909806731628668e-44
7.978144572076612394e-44
7.850456200204541667e-44
7.724811451403352396e-44
7.601177617955322311e-44
7.479522515621859285e-44
7.359814475265725690e-44
7.242022334607315477e-44
7.126115430111788803e-44
7.012063589007147882e-44
6.899837121430025016e-44
6.789406812696153990e-44
6.680743915695587510e-44
6.573820143409599001e-44
6.468607661546267754e-44
6.365079081295551937e-44
6.263207452198704791e-44
6.162966255132992838e-44
6.064329395408049011e-44
5.967271195973334980e-44
5.871766390733213859e-44
5.777790117970495535e-44
5.685317913873776920e-44
5.594325706169342795e-44
5.504789807854967787e-44
5.416686911033180047e-44
5.329994080844060323e-44
5.244688749495119064e-44
5.160748710385939602e-44
5.078152112327650129e-44
4.996877453854888590e-44
4.916903577628061053e-44
4.838209664925937335e-44
4.760775230226377484e-44
4.684580115873083222e-44
4.609604486828420165e-44
4.535828825510199971e-44
4.463233926710360848e-44
4.391800892596077137e-44
4.321511127789779705e-44
4.252346334528651716e-44
4.184288507901576053e-44
4.117319931161695850e-44
4.051423171114622510e-44
3.986581073580438717e-44
3.922776758927739573e-44
3.859993617679747701e-44
3.798215306190736481e-44
3.737425742391087156e-44
3.677609101601015680e-44
3.618749812411284096e-44
3.560832552629303359e-44
3.503842245290661456e-44
3.447764054734471292e-44
3.392583382740964153e-44
3.338285864731750930e-44
3.284857366030053792e-44
3.232283978181407149e-44
3.180552015332913207e-44
3.129648010670763359e-44
3.079558712914204327e-44
3.030271082866393110e-44
2.981772290019685397e-44
2.934049709215769153e-44
2.887090917359234497e-44
2.840883690183318823e-44
2.795415999067842120e-44
2.750676007908067464e-44
2.706652070033258006e-44
2.663332725174969797e-44
2.620706696483855261e-44
2.578762887593819323e-44
2.537490379733561568e-44
2.496878428884332001e-44
2.456916462982810138e-44
2.417594079169123364e-44
2.378901041078900839e-44
2.340827276178275171e-44
2.303362873142126576e-44
2.266498079273702128e-44
2.230223297965922732e-44
2.194529086203311462e-44
2.159406152103576437e-44
2.124845352498869905e-44
2.090837690555749995e-44
2.057374313432924151e-44
2.024446509976793381e-44
1.992045708453871376e-44
1.960163474319197786e-44
1.928791508020769814e-44
1.897921642839103479e-44
1.867545842761089417e-44
1.837656200388164881e-44
1.808244934877955348e-44
1.779304389918562825e-44
1.750827031735719877e-44
1.722805447131399263e-44
1.695232341554135306e-44
1.668100537200055600e-44
1.641402971144473192e-44
1.615132693503079661e-44
1.589282865622976310e-44
1.563846758302254307e-44
1.538817750038336865e-44
1.514189325304352113e-44
1.489955072852862848e-44
1.466108684046977052e-44
1.442643951218158879e-44
1.419554766050110343e-44
1.396835117988733913e-44
1.374479092677539521e-44
1.352480870417862984e-44
1.330834724654070576e-44
1.309535020482670435e-44
1.288576213185528447e-44
1.267952846786431390e-44
1.247659552630873620e-44
1.227691047988350419e-44
1.208042134677326511e-44
1.188707697711908217e-44
1.169682703970377562e-44
1.150962200885031248e-44
1.132541315152817188e-44
1.114415251466781309e-44
1.096579291267809842e-44
1.079028791516190176e-44
1.061759183482994754e-44
1.044765971560805224e-44
1.028044732093316108e-44
1.011591112223825562e-44
9.954008287621538600e-45
9.794696670695466346e-45
9.637934799615755821e-45
9.483681866285946629e-45
9.331897715733161919e-45
9.182542835656262987e-45
9.035578346138957349e-45
8.890965989529240537e-45
8.748668120479895759e-45
8.608647696149279767e-45
8.470868266557350542e-45
8.335293965098186399e-45
8.201889499202244526e-45
8.070620141149457948e-45
7.941451719029340020e-45
7.814350607844590418e-45
7.689283720758273547e-45
7.566218500481063342e-45
7.445122910795189043e-45
7.325965428215200184e-45
7.208715033782150538e-45
7.093341204987931449e-45
6.979813907830638225e-45
6.868103588995321564e-45
6.758181168161165769e-45
6.650018030431104784e-45
6.543586018883256245e-45
6.438857427240373768e-45
6.335804992658240979e-45
6.234401888627889463e-45
6.134621717992468309e-45
6.036438506075864072e-45
5.939826693920386546e-45
5.844761131633601242e-45
5.751217071841614017e-45
5.659170163246277565e-45
5.568596444286385737e-45
5.479472336900292436e-45
5.391774640387538675e-45
5.305480525369552541e-45
5.220567527846985728e-45
5.137013543351381036e-45
5.054796821191224955e-45
4.973895958790077855e-45
4.894289896114491712e-45
4.815957910192340766e-45
4.738879609717670151e-45
4.663034929742697845e-45
4.588404126454752073e-45
4.514967772036120425e-45
4.442706749606855505e-45
4.371602248248502186e-45
4.301635758106817322e-45
4.232789065573526737e-45
4.165044248545185381e-45
4.098383671757286794e-45
4.032789982193688490e-45
3.968246104569485722e-45
3.904735236885588070e-45
3.842240846055044910e-45
3.780746663599356778e-45
3.720236681413035783e-45
3.660695147596891144e-45
3.602106562357080787e-45
3.544455673970464818e-45
3.487727474814170558e-45
3.431907197459056741e-45
3.376980310825067465e-45
3.322932516398968143e-45
3.269749744511781322e-45
3.217418150676351768e-45
3.165924111983520531e-45
3.115254223555504079e-45
3.065395295056510858e-45
3.016334347259196968e-45
2.968058608665620517e-45
2.920555512182733240e-45
2.873812691851069561e-45
2.827817979625361115e-45
2.782559402207114386e-45
2.738025177927863288e-45
2.694203713681904365e-45
2.651083601908530786e-45
2.608653617622556007e-45
2.566902715491931037e-45
2.525820026962779515e-45
2.485394857429808539e-45
2.445616683452429085e-45
2.406475150015421713e-45
2.367960067833088386e-45
2.330061410696910324e-45
2.292769312865648692e-45
2.256074066496873140e-45
2.219966119119943409e-45
2.184436071149428397e-45
2.149474673437993769e-45
2.115072824868786109e-45
2.081221569986341273e-45
2.047912096665099978e-45
2.015135733815550229e-45
1.982883949127075580e-45
1.951148346846600361e-45
1.919920665593278914e-45
1.889192776207672162e-45
1.858956679635703365e-45
1.829204504846290030e-45
1.799928506782483967e-45
1.771121064345075875e-45
1.742774678408917429e-45
1.714881969870547944e-45
1.687435677727365492e-45
1.660428657187529456e-45
1.633853877809870456e-45
1.607704421673815440e-45
1.581973481578601391e-45
1.556654359271071660e-45
1.531740463702073579e-45
1.507225309310758531e-45
1.483102514336090901e-45
1.459365799155751676e-45
1.436008984651263653e-45
1.413025990599545174e-45
1.390410834090066894e-45
1.368157627967476093e-45
1.346260579298900059e-45
1.324713987866114774e-45
1.303512244681514308e-45
1.282649830528052030e-45
1.262121314522546149e-45
1.241921352701789632e-45
1.222044686631481176e-45
1.202486142037412323e-45
1.183240627458385343e-45
1.164303132920870912e-45
1.145668728634872584e-45
1.127332563710493980e-45
1.109289864895218208e-45
1.091535935331393248e-45
1.074066153333441032e-45
1.056875971184800794e-45
1.039960913954122388e-45
1.023316578330236612e-45
1.006938631476024994e-45
9.908228099003828348e-46
9.749649183484175555e-46
9.593608287093127808e-46
9.440064789417641990e-46
9.288978720164440790e-46
9.140310748756223299e-46
8.994022174092090086e-46
8.850074914473383804e-46
8.708431497690724551e-46
8.569055051268400408e-46
8.431909292866215811e-46
8.296958520834914608e-46
8.164167604921521780e-46
8.033501977124701834e-46
7.904927622696435841e-46
7.778411071286418665e-46
7.653919388230123830e-46
7.531420165974390806e-46
7.410881515641629961e-46
7.292272058728298395e-46
7.175560918936949694e-46
7.060717714137722396e-46
6.947712548460225522e-46
6.836516004510266350e-46
6.727099135712295540e-46
6.619433458774388102e-46
6.513490946272836164e-46
6.409244019356417313e-46
6.306665540567405942e-46
6.205728806776538882e-46
6.106407542232011577e-46
6.008675891719692757e-46
5.912508413831917509e-46
5.817880074344911636e-46
5.724766239702190077e-46
5.633142670601398169e-46
5.542985515684651781e-46
5.454271305329847410e-46
5.366976945540432057e-46
5.281079711934320512e-46
5.196557243827678622e-46
5.113387538414289731e-46
5.031548945038046222e-46
4.951020159556371748e-46
4.871780218794601392e-46
4.793808495089106694e-46
4.717084690917041159e-46
4.641588833612753697e-46
4.567301270168747175e-46
4.494202662119169707e-46
4.422273980505879132e-46
4.351496500925054315e-46
4.281851798652442025e-46
4.213321743847272055e-46
4.145888496832920023e-46
4.079534503452415142e-46
4.014242490499309494e-46
3.949995461220654931e-46
3.886776690892699802e-46
3.824569722466991318e-46
3.763358362286548293e-46
3.703126675869900527e-46
3.643858983763540922e-46
3.585539857459832032e-46
3.528154115380861033e-46
3.471686818926559373e-46
3.416123268585545756e-46
3.361449000108748062e-46
3.307649780744242634e-46
3.254711605531867954e-46
3.202620693657637219e-46
3.151363484866482353e-46
3.100926635931948712e-46
3.051297017182858401e-46
3.002461709085555597e-46
2.954407998880404134e-46
2.907123377272569222e-46
2.860595535175750808e-46
2.814812360507558231e-46
2.769761935036885183e-46
2.725432531281038831e-46
2.681812609452996505e-46
2.638890814457507604e-46
2.596655972934882861e-46
2.555097090352491182e-46
2.514203348142796479e-46
2.473964100886826789e-46
2.434368873543097851e-46
2.395407358720879558e-46
2.357069413996742315e-46
2.319345059274417915e-46
2.282224474186900686e-46
2.245697995539790119e-46
2.209756114795894026e-46
2.174389475600084505e-46
2.139588871343404008e-46
2.105345242766699617e-46
2.071649675602075362e-46
2.038493398252480734e-46
2.005867779508230064e-46
1.973764326300263374e-46
1.942174681489012587e-46
1.911090621689136036e-46
1.880504055128591185e-46
1.850407019542290581e-46
1.820791680099462448e-46
1.791650327363910405e-46
1.762975375287196836e-46
1.734759359233932533e-46
1.706994934038418487e-46
1.679674872092646221e-46
1.652792061464897276e-46
1.626339504048177197e-46
1.600310313738695199e-46
1.574697714643089900e-46
1.549495039314644372e-46
1.524695727017569919e-46
1.500293322019222825e-46
1.476281471909378973e-46
1.452653925946778294e-46
1.429404533431766988e-46
1.406527242105227711e-46
1.384016096573130102e-46
1.361865236756088313e-46
1.340068896363942439e-46
1.318621401394748564e-46
1.297517168657594794e-46
1.276750704319259202e-46
1.256316602474121447e-46
1.236209543736776722e-46
1.216424293857362929e-46
1.196955702359045291e-46
1.177798701197127697e-46
1.158948303439807103e-46
1.140399601970035430e-46
1.122147768207971093e-46
1.104188050854158021e-46
1.086515774652541718e-46
1.069126339173485887e-46
1.052015217616156839e-46
1.035177955630180382e-46
1.018610170155968920e-46
1.002307548283864424e-46
9.862658461312871168e-47
9.704808877380246326e-47
9.549485639791966807e-47
9.396648314954747698e-47
9.246257116405696315e-47
9.098272894455567632e-47
8.952657125996455103e-47
8.809371904473955776e-47
8.668379930019791972e-47
8.529644499741086678e-47
8.393129498166338346e-47
8.258799387844289352e-47
8.126619200092011663e-47
7.996554525892330282e-47
7.868571506936875951e-47
7.742636826811214154e-47
7.618717702322983868e-47
7.496781874966907652e-47
7.376797602527685275e-47
7.258733650817246137e-47
7.142559285543163404e-47
7.028244264308309586e-47
6.915758828738524410e-47
6.805073696735248611e-47
6.696160054853187824e-47
6.588989550799956335e-47
6.483534286054767099e-47
6.379766808606256539e-47
6.277660105806512478e-47
6.177187597338538893e-47
6.078323128297210960e-47
5.981040962380956022e-47
5.885315775191401924e-47
5.791122647641746285e-47
5.698437059469159031e-47
5.607234882851992172e-47
5.517492376129117041e-47
5.429186177618964926e-47
5.342293299538319731e-47
5.256791122018419138e-47
5.172657387216045244e-47
5.089870193519653279e-47
5.008407989848212552e-47
4.928249570040543656e-47
4.849374067335213189e-47
4.771760948938750555e-47
4.695390010680091455e-47
4.620241371751293761e-47
4.546295469532408974e-47
4.473533054498426499e-47
4.401935185208861516e-47
4.331483223376411602e-47
4.262158829015359835e-47
4.193943955667177810e-47
4.126820845702968788e-47
4.060772025700336173e-47
3.995780301895265565e-47
3.931828755705786384e-47
3.868900739327951740e-47
3.806979871402284219e-47
3.746050032749012250e-47
3.686095362172138851e-47
3.627100252330648443e-47
3.569049345675251743e-47
3.511927530450713457e-47
3.455719936762142845e-47
3.400411932703730301e-47
3.345989120549961064e-47
3.292437333007775581e-47
3.239742629528221897e-47
3.187891292677636052e-47
3.136869824566886118e-47
3.086664943337249093e-47
3.037263579703305183e-47
2.988652873550394816e-47
2.940820170587042861e-47
2.893753019050947451e-47
2.847439166467259644e-47
2.801866556459178212e-47
2.757023325609582404e-47
2.712897800372480910e-47
2.669478494034307180e-47
2.626754103723838372e-47
2.584713507469579377e-47
2.543345761304637684e-47
2.502640096417921789e-47
2.462585916350564397e-47
2.423172794237590834e-47
2.384390470093725164e-47
2.346228848142243047e-47
2.308677994187162545e-47
2.271728133026911816e-47
2.235369645909778032e-47
2.199593068030070376e-47
2.164389086064029143e-47
2.129748535745505749e-47
2.095662399480430837e-47
2.062121803999153080e-47
2.029118018046665690e-47
1.996642450109793273e-47
1.964686646180456599e-47
1.933242287555035253e-47
1.902301188668945731e-47
1.871855294965590769e-47
1.841896680799703223e-47
1.812417547374239531e-47
1.783410220710020836e-47
1.754867149648144832e-47
1.726780903884359611e-47
1.699144172034639844e-47
1.671949759731985011e-47
1.645190587753667608e-47
1.618859690178186049e-47
1.592950212572119645e-47
1.567455410205601425e-47
1.542368646296617866e-47
1.517683390283403831e-47
1.493393216124259372e-47
1.469491800624808330e-47
1.445972921792019541e-47
1.422830457214360580e-47
1.400058382468090356e-47
1.377650769549054885e-47
1.355601785329377314e-47
1.333905690039053130e-47
1.312556835771845519e-47
1.291549665014893328e-47
1.270878709202054236e-47
1.250538587290393903e-47
1.230524004359251528e-47
1.210829750232036925e-47
1.191450698119779705e-47
1.172381803286590036e-47
1.153618101736476258e-47
1.135154708921003765e-47
1.116986818467815817e-47
1.099109700929496073e-47
1.081518702552293605e-47
1.064209244064718054e-47
1.047176819485520318e-47
1.030416994950593768e-47
1.013925407558810202e-47
9.976977642363211334e-48
9.817298406188901508e-48
9.660174799522605932e-48
9.505565920101211116e-48
9.353431520292452937e-48
9.203731996618192089e-48
9.056428379445312277e-48
8.911482322840275205e-48
8.768856094587408936e-48
8.628512566366922330e-48
8.490415204088685691e-48
8.354528058382854487e-48
8.220815755240574705e-48
8.089243486805888023e-48
7.959777002314977808e-48
7.832382599179236053e-48
7.707027114212255763e-48
7.583677914997191243e-48
7.462302891391153542e-48
7.342870447166727382e-48
7.225349491787220913e-48
7.109709432312482118e-48
6.995920165435346268e-48
6.883952069645510560e-48
6.773775997517799777e-48
6.665363268124893467e-48
6.558685659571449329e-48
6.453715401646648626e-48
6.350425168595948814e-48
6.248788072006913023e-48
6.148777653809979370e-48
6.050367879391211725e-48
5.953533130814394449e-48
5.858248200152500265e-48
5.764488282925873133e-48
5.672228971644572469e-48
5.581446249454932224e-48
5.492116483887789684e-48
5.404216420705948268e-48
5.317723177850944830e-48
5.232614239486667487e-48
5.148867450137529254e-48
5.066461008921247923e-48
4.985373463873904009e-48
4.905583706365005146e-48
4.827070965603168269e-48
4.749814803228514417e-48
4.673795107992501762e-48
4.598992090522428710e-48
4.525386278170185331e-48
4.452958509942623526e-48
4.381689931514185846e-48
4.311561990318245735e-48
4.242556430717751115e-48
4.174655289253134835e-48
4.107840889965667647e-48
4.042095839796285288e-48
3.977403024058036757e-48
3.913745601980407803e-48
3.851107002325553062e-48
3.789470919074671420e-48
3.728821307182860671e-48
3.669142378402478832e-48
3.610418597173344523e-48
3.552634676578168404e-48
3.495775574363264291e-48
3.439826489022934956e-48
3.384772855945955613e-48
3.330600343624581676e-48
3.277294849923395315e-48
3.224842498408419239e-48
3.173229634734972945e-48
3.122442823092870656e-48
3.072468842708984636e-48
3.023294684405776143e-48
2.974907547214455828e-48
2.927294835042800925e-48
2.880444153396297725e-48
2.834343306151326450e-48
2.788980292380428016e-48
2.744343303228367996e-48
2.700420718837792042e-48
2.657201105324495889e-48
2.614673211801097532e-48
2.572825967447911026e-48
2.531648478631347669e-48
2.491130026067796228e-48
2.451260062033319825e-48
2.412028207618002036e-48
2.373424250023875984e-48
2.335438139906462537e-48
2.298059988758848661e-48
2.261280066337288897e-48
2.225088798128355796e-48
2.189476762856620782e-48
2.154434690031895524e-48
2.119953457536060254e-48
2.086024089248504864e-48
2.052637752709264816e-48
2.019785756819870120e-48
1.987459549580985745e-48
1.955650715865963216e-48
1.924350975230324348e-48
1.893552179756298966e-48
1.863246311931574934e-48
1.833425482562285093e-48
1.804081928719388216e-48
1.775208011717621430e-48
1.746796215127242277e-48
1.718839142817152637e-48
1.691329517029636667e-48
1.664260176485901750e-48
1.637624074521695629e-48
1.611414277253010061e-48
1.585623961771137169e-48
1.560246414366377488e-48
1.535275028780414909e-48
1.510703304486655682e-48
1.486524844997866352e-48
1.462733356201123974e-48
1.439322644719409531e-48
1.416286616299208876e-48
1.393619274224137909e-48
1.371314717753948418e-48
1.349367140588295479e-48
1.327770829355426384e-48
1.306520162124725328e-48
1.285609606943285983e-48
1.265033720395901204e-48
1.244787146187911224e-48
1.224864613750923259e-48
1.205260936870841437e-48
1.185971012337675462e-48
1.166989818617140310e-48
1.148312414543511115e-48
1.129933938033228669e-48
1.111849604819265286e-48
1.094054707205743562e-48
1.076544612842322481e-48
1.059314763518365752e-48
1.042360673976403308e-48
1.025677930744429139e-48
1.009262190987044247e-48
9.931091813749821055e-49
9.772146969725804502e-49
9.615746001432075818e-49
9.461848194722030594e-49
9.310413487069008423e-49
9.161402457138501973e-49
9.014776314524953867e-49
8.870496889654349223e-49
8.728526623848371092e-49
8.588828559546293236e-49
8.451366330684669487e-49
8.316104153230962215e-49
8.183006815867439295e-49
8.052039670825436800e-49
7.923168624866262139e-49
7.796360130405284268e-49
7.671581176779270246e-49
7.548799281653446408e-49
7.427982482564972104e-49
7.309099328602888295e-49
7.192118872221207688e-49
7.077010661181831303e-49
6.963744730628207623e-49
6.852291595284085583e-49
6.742622241778293505e-49
6.634708121092337494e-49
6.528521141127874168e-49
6.424033659394151148e-49
6.321218475812448134e-49
6.220048825634743584e-49
6.120498372476665491e-49
6.022541201461927721e-49
5.926151812475588593e-49
5.831305113526194758e-49
5.737976414214139460e-49
5.646141419303707076e-49
5.555776222398854839e-49
5.466857299720192239e-49
5.379361503980741684e-49
5.293266058360544977e-49
5.208548550577676392e-49
5.125186927053290738e-49
5.043159487171348320e-49
4.962444877628933678e-49
4.883022086877844971e-49
4.804870439655124172e-49
4.727969591600410165e-49
4.652299523960160344e-49
4.577840538376615969e-49
4.504573251759481517e-49
4.432478591240373481e-49
4.361537789208005796e-49
4.291732378422183931e-49
4.223044187206654719e-49
4.155455334718879413e-49
4.088948226294889333e-49
4.023505548869276518e-49
3.959110266468466614e-49
3.895745615775532896e-49
3.833395101766589384e-49
3.772042493417009060e-49
3.711671819475736697e-49
3.652267364308168036e-49
3.593813663804640309e-49
3.536295501355017225e-49
3.479697903887688084e-49
3.424006137971439717e-49
3.369205705980246425e-49
3.315282342319423325e-49
3.262222009711686462e-49
3.210010895543155418e-49
3.158635408267818973e-49
3.108082173869082820e-49
3.058338032378419050e-49
3.009390034449724248e-49
2.961225437988055658e-49
2.913831704832776574e-49
2.867196497493775498e-49
2.821307675939493875e-49
2.776153294436792412e-49
2.731721598441384713e-49
2.688001021537585572e-49
2.644980182427714637e-49
2.602647881969015127e-49
2.560993100258441227e-49
2.520004993764089615e-49
2.479672892502170208e-49
2.439986297259535124e-49
2.400934876860651842e-49
2.362508465477959707e-49
2.324697059985635994e-49
2.287490817355704232e-49
2.250880052095475587e-49
2.214855233726350289e-49
2.179406984302958122e-49
2.144526075971682734e-49
2.110203428568587995e-49
2.076430107255778997e-49
2.043197320195287250e-49
2.010496416260493014e-49
1.978318882784170495e-49
1.946656343342247408e-49
1.915500555573523868e-49
1.884843409033803216e-49
1.854676923084686232e-49
1.824993244816150572e-49
1.795784647002104137e-49
1.767043526088935919e-49
1.738762400216250365e-49
1.710933907269024091e-49
1.683550802961193689e-49
1.656605958949915168e-49
1.630092360979751139e-49
1.604003107056813295e-49
1.578331405652119711e-49
1.553070573933471131e-49
1.528214036025864668e-49
1.503755321299741479e-49
1.479688062686384172e-49
1.456005995020645483e-49
1.432702953409835364e-49
1.409772871628956159e-49
1.387209780541618184e-49
1.365007806546019410e-49
1.343161170046007136e-49
1.321664183946603834e-49
1.300511252173415124e-49
1.279696868215933712e-49
1.259215613694150969e-49
1.239062156947923298e-49
1.219231251649104514e-49
1.199717735435885503e-49
1.180516528568812835e-49
1.161622632608497148e-49
1.143031129114480892e-49
1.124737178364760066e-49
1.106736018095970026e-49
1.089022962263732655e-49
1.071593399822679874e-49
1.054442793526166214e-49
1.037566678745189203e-49
1.020960662306039206e-49
1.004620421346811052e-49
9.885417021919614364e-50
9.727203192450476642e-50
9.571521538991855067e-50
9.418331534648000069e-50
9.267593301146827155e-50
9.119267598459297687e-50
8.973315814583574330e-50
8.829699955494046164e-50
8.688382635251193504e-50
8.549327066268437256e-50
8.412497049736083885e-50
8.277856966198488976e-50
8.145371766280803513e-50
8.015006961565380763e-50
7.886728615614171802e-50
7.760503335133507094e-50
7.636298261282226000e-50
7.514081061116992557e-50
7.393819919175812592e-50
7.275483529196217941e-50
7.159041085964917733e-50
7.044462277298993696e-50
6.931717276155400502e-50
6.820776732865720264e-50
6.711611767496245225e-50
6.604193962330305435e-50
6.498495354469928188e-50
6.394488428556910853e-50
6.292146109610350217e-50
6.191441755977885981e-50
6.092349152400686927e-50
5.994842503189421274e-50
5.898896425508542029e-50
5.804485942768960442e-50
5.711586478126446918e-50
5.620173848083142388e-50
5.530224256192888534e-50
5.441714286865910130e-50
5.354620899273569272e-50
5.268921421350666634e-50
5.184593543892933885e-50
5.101615314749802732e-50
5.019965133110079556e-50
4.939621743878346389e-50
4.860564232142109141e-50
4.782772017727485344e-50
4.706224849841310113e-50
4.630902801799718240e-50
4.556786265841068767e-50
4.483855948021217978e-50
4.412092863191172130e-50
4.341478330055101180e-50
4.271993966306811541e-50
4.203621683844700645e-50
4.136343684063286149e-50
4.070142453219405435e-50
4.005000757873602907e-50
3.940901640403463792e-50
3.877828414589429496e-50
3.815764661271244331e-50
3.754694224073352394e-50
3.694601205199279752e-50
3.635469961293317893e-50
3.577285099367891806e-50
3.520031472796661137e-50
3.463694177371734465e-50
3.408258547423472669e-50
3.353710152002915080e-50
3.300034791125288729e-50
3.247218492073152129e-50
3.195247505759200669e-50
3.144108303147271273e-50
3.093787571730161912e-50
3.044272212064293468e-50
2.995549334359822392e-50
2.947606255124834428e-50
2.900430493863985912e-50
2.854009769829249156e-50
2.808331998823152651e-50
2.763385290053167248e-50
2.719157943036030005e-50
2.675638444552028964e-50
2.632815465648020127e-50
2.590677858688021982e-50
2.549214654451409877e-50
2.508415059277541355e-50
2.468268452255707622e-50
2.428764382460440608e-50
2.389892566231052740e-50
2.351642884494365421e-50
2.314005380130644704e-50
2.276970255381684478e-50
2.240527869300036318e-50
2.204668735239403089e-50
2.169383518385191222e-50
2.134663033324227918e-50
2.100498241653911080e-50
2.066880249629090588e-50
2.033800305846967466e-50
2.001249798969035006e-50
1.969220255479181637e-50
1.937703337477976887e-50
1.906690840512251896e-50
1.876174691439131037e-50
1.846146946324538143e-50
1.816599788375328680e-50
1.787525525904246431e-50
1.758916590327725353e-50
1.730765534195727578e-50
1.703065029252856490e-50
1.675807864530761976e-50
1.648986944471068220e-50
1.622595287078100501e-50
1.596626022101421889e-50
1.571072389247455345e-50
1.545927736419466002e-50
1.521185517986101828e-50
1.496839293077261592e-50
1.472882723907492856e-50
1.449309574126215177e-50
1.426113707194135649e-50
1.403289084785864618e-50
1.380829765218092272e-50
1.358729901902717455e-50
1.336983741824939844e-50
1.315585624045705181e-50
1.294529978227924076e-50
1.273811323186473176e-50
1.253424265461402073e-50
1.233363497913784770e-50
1.213623798344236834e-50
1.194200028133534896e-50
1.175087130904817213e-50
1.156280131207373111e-50
1.137774133221494786e-50
1.119564319483870152e-50
1.101645949633654662e-50
1.084014359178335458e-50
1.066664958279532290e-50
1.049593230558226604e-50
1.032794731918956730e-50
1.016265089392989000e-50
1.000000000000000008e-50
