9.999999999999999841e-46
9.885417021919613051e-46
9.772146969725804478e-46
9.660174799522606030e-46
9.549485639791966418e-46
9.440064789417641990e-46
9.331897715733162852e-46
9.224970052592136504e-46
9.119267598459297459e-46
9.014776314524953831e-46
8.911482322840274816e-46
8.809371904473954220e-46
8.708431497690724551e-46
8.608647696149280701e-46
8.510007247122177088e-46
8.412497049736083398e-46
8.316104153230961401e-46
8.220815755240574267e-46
8.126619200092011857e-46
8.033501977124701834e-46
7.941451719029339087e-46
7.850456200204541418e-46
7.760503335133507551e-46
7.671581176779271073e-46
7.583677914997190562e-46
7.496781874966906874e-46
7.410881515641629961e-46
7.325965428215200184e-46
7.242022334607314605e-46
7.159041085964917560e-46
7.077010661181830890e-46
6.995920165435345782e-46
6.915758828738524604e-46
6.836516004510266350e-46
6.758181168161165302e-46
6.680743915695587665e-46
6.604193962330305303e-46
6.528521141127874132e-46
6.453715401646648967e-46
6.379766808606256344e-46
6.306665540567405942e-46
6.234401888627889618e-46
6.162966255132992963e-46
6.092349152400686497e-46
6.022541201461927922e-46
5.953533130814394400e-46
5.885315775191402118e-46
5.817880074344911636e-46
5.751217071841614017e-46
5.685317913873776391e-46
5.620173848083234425e-46
5.555776222398855276e-46
5.492116483887789198e-46
5.429186177618964926e-46
5.366976945540432057e-46
5.305480525369552385e-46
5.244688749495119219e-46
5.184593543892933958e-46
5.125186927053374421e-46
5.066461008921248190e-46
5.008407989848212552e-46
4.951020159556371748e-46
4.894289896114491401e-46
4.838209664925937086e-46
4.782772017727485303e-46
4.727969591600410111e-46
4.673795107992502054e-46
4.620241371751293956e-46
4.567301270168747175e-46
4.514967772036120269e-46
4.463233926710361128e-46
4.412092863191171578e-46
4.361537789208005474e-46
4.311561990318245662e-46
4.262158829015359543e-46
4.213321743847272055e-46
4.165044248545184759e-46
4.117319931161696005e-46
4.070142453219405318e-46
4.023505548869277028e-46
3.977403024058036611e-46
3.931828755705785996e-46
3.886776690892699802e-46
3.842240846055045222e-46
3.798215306190736325e-46
3.754694224073352456e-46
3.711671819475736174e-46
3.669142378402479221e-46
3.627100252330648540e-46
3.585539857459832032e-46
3.544455673970464818e-46
3.503842245290661580e-46
3.463694177371734293e-46
3.424006137971439711e-46
3.384772855945955419e-46
3.345989120549961356e-46
3.307649780744242634e-46
3.269749744511781322e-46
3.232283978181407258e-46
3.195247505759200395e-46
3.158635408267818940e-46
3.122442823092870778e-46
3.086664943337249190e-46
3.051297017182858401e-46
3.016334347259197279e-46
2.981772290019685630e-46
2.947606255124882879e-46
2.913831704832776863e-46
2.880444153396297944e-46
2.847439166467259546e-46
2.814812360507558231e-46
2.782559402207114463e-46
2.750676007908067511e-46
2.719157943036029963e-46
2.688001021537629440e-46
2.657201105324495792e-46
2.626754103723838469e-46
2.596655972934882861e-46
2.566902715491931037e-46
2.537490379733561490e-46
2.508415059277541221e-46
2.479672892502170083e-46
2.451260062033360031e-46
2.423172794237590834e-46
2.395407358720879558e-46
2.367960067833088230e-46
2.340827276178275218e-46
2.314005380130644591e-46
2.287490817355704162e-46
2.261280066337288703e-46
2.235369645909814787e-46
2.209756114795894026e-46
2.184436071149428397e-46
2.159406152103576251e-46
2.134663033324228014e-46
2.110203428568587883e-46
2.086024089248504839e-46
2.062121803999153128e-46
2.038493398252480734e-46
2.015135733815550306e-46
1.992045708453871345e-46
1.969220255479181438e-46
1.946656343342247153e-46
1.924350975230324397e-46
1.902301188668945731e-46
1.880504055128591185e-46
1.858956679635703520e-46
1.837656200388165005e-46
1.816599788375328657e-46
1.795784647002104170e-46
1.775208011717621649e-46
1.754867149648144881e-46
1.734759359233932533e-46
1.714881969870547827e-46
1.695232341554135197e-46
1.675807864530761934e-46
1.656605958949915249e-46
1.637624074521695617e-46
1.618859690178185952e-46
1.600310313738695199e-46
1.581973481578601547e-46
1.563846758302254214e-46
1.545927736419491198e-46
1.528214036025864581e-46
1.510703304486655646e-46
1.493393216124259372e-46
1.476281471909378973e-46
1.459365799155751793e-46
1.442643951218158824e-46
1.426113707194135556e-46
1.409772871628979266e-46
1.393619274224137751e-46
1.377650769549054934e-46
1.361865236756088313e-46
1.346260579298900020e-46
1.330834724654070615e-46
1.315585624045705191e-46
1.300511252173415262e-46
1.285609606943306950e-46
1.270878709202054236e-46
1.256316602474121447e-46
1.241921352701789788e-46
1.227691047988350419e-46
1.213623798344236748e-46
1.199717735435885502e-46
1.185971012337675480e-46
1.172381803286609288e-46
1.158948303439807103e-46
1.145668728634872545e-46
1.132541315152817195e-46
1.119564319483870245e-46
1.106736018095970076e-46
1.094054707205743495e-46
1.081518702552293678e-46
1.069126339173485887e-46
1.056875971184800755e-46
1.044765971560805333e-46
1.032794731918956777e-46
1.020960662306039172e-46
1.009262190987044229e-46
9.976977642363212549e-47
9.862658461312871168e-47
9.749649183484015701e-47
9.637934799615755977e-47
9.527500472427299927e-47
9.418331534647999765e-47
9.310413487069009517e-47
9.203731996618193305e-47
9.098272894455567632e-47
8.994022174092089697e-47
8.890965989529094451e-47
8.789090653419928376e-47
8.688382635251193535e-47
8.588828559546293357e-47
8.490415204088685934e-47
8.393129498166338346e-47
8.296958520834915191e-47
8.201889499202244954e-47
8.107909806731628505e-47
8.015006961565380178e-47
7.923168624866261956e-47
7.832382599179235810e-47
7.742636826811214154e-47
7.653919388230124024e-47
7.566218500481063147e-47
7.479522515621859184e-47
7.393819919175813238e-47
7.309099328602888781e-47
7.225349491787221399e-47
7.142559285543163404e-47
7.060717714137722202e-47
6.979813907830638964e-47
6.899837121430025810e-47
6.820776732865720105e-47
6.742622241778293535e-47
6.665363268124893467e-47
6.588989550799956335e-47
6.513490946272835969e-47
6.438857427240372990e-47
6.365079081295551672e-47
6.292146109610350141e-47
6.220048825634743189e-47
6.148777653809979127e-47
6.078323128297210960e-47
6.008675891719692757e-47
5.939826693920386740e-47
5.871766390733213361e-47
5.804485942768960465e-47
5.737976414214139248e-47
5.672228971644572226e-47
5.607234882851992172e-47
5.542985515684651587e-47
5.479472336900292630e-47
5.416686911033180102e-47
5.354620899273568778e-47
5.293266058360545372e-47
5.232614239486667000e-47
5.172657387216045244e-47
5.113387538414289926e-47
5.054796821191224643e-47
4.996877453854889306e-47
4.939621743878345546e-47
4.883022086877844971e-47
4.827070965603168269e-47
4.771760948938750555e-47
4.717084690917041742e-47
4.663034929742697884e-47
4.609604486828419271e-47
4.556786265841068174e-47
4.504573251759481000e-47
4.452958509942623283e-47
4.401935185208861516e-47
4.351496500925054218e-47
4.301635758106817205e-47
4.252346334528651362e-47
4.203621683844701085e-47
4.155455334718879322e-47
4.107840889965668011e-47
4.060772025700336173e-47
4.014242490499309785e-47
3.968246104569485780e-47
3.922776758927739635e-47
3.877828414589429595e-47
3.833395101766589840e-47
3.789470919074671541e-47
3.746050032749012250e-47
3.703126675869900333e-47
3.660695147596891280e-47
3.618749812411283948e-47
3.577285099367891457e-47
3.536295501355017711e-47
3.495775574363264291e-47
3.455719936762142845e-47
3.416123268585546047e-47
3.376980310825067329e-47
3.338285864731750852e-47
3.300034791125288683e-47
3.262222009711686614e-47
3.224842498408418996e-47
3.187891292677636052e-47
3.151363484866482450e-47
3.115254223555503846e-47
3.079558712914204548e-47
3.044272212064293524e-47
3.009390034449724187e-47
2.974907547214455585e-47
2.940820170587042861e-47
2.907123377272569416e-47
2.873812691851069483e-47
2.840883690183318644e-47
2.808331998823152693e-47
2.776153294436792245e-47
2.744343303228367996e-47
2.712897800372480910e-47
2.681812609452996602e-47
2.651083601908530922e-47
2.620706696483855179e-47
2.590677858688022229e-47
2.560993100258440878e-47
2.531648478631347851e-47
2.502640096417921789e-47
2.473964100886826886e-47
2.445616683452429202e-47
2.417594079169123185e-47
2.389892566231052782e-47
2.362508465477959783e-47
2.335438139906462719e-47
2.308677994187162545e-47
2.282224474186900784e-47
2.256074066496873140e-47
2.230223297965922802e-47
2.204668735239402853e-47
2.179406984302958031e-47
2.154434690031895524e-47
2.129748535745505749e-47
2.105345242766699665e-47
2.081221569986341312e-47
2.057374313432924112e-47
2.033800305846967432e-47
2.010496416260492923e-47
1.987459549580985806e-47
1.964686646180456599e-47
1.942174681489012587e-47
1.919920665593278866e-47
1.897921642839103302e-47
1.876174691439131003e-47
1.854676923084686034e-47
1.833425482562285154e-47
1.812417547374239531e-47
1.791650327363910600e-47
1.771121064345076021e-47
1.750827031735719817e-47
1.730765534195727695e-47
1.710933907269023802e-47
1.691329517029636728e-47
1.671949759731985011e-47
1.652792061464897179e-47
1.633853877809870485e-47
1.615132693503079749e-47
1.596626022101421913e-47
1.578331405652119635e-47
1.560246414366377610e-47
1.542368646296617866e-47
1.524695727017569919e-47
1.507225309310758550e-47
1.489955072852862739e-47
1.472882723907492630e-47
1.456005995020645620e-47
1.439322644719409349e-47
1.422830457214360580e-47
1.406527242105227759e-47
1.390410834090066904e-47
1.374479092677539519e-47
1.358729901902717457e-47
1.343161170046007060e-47
1.327770829355426444e-47
1.312556835771845519e-47
1.297517168657594696e-47
1.282649830528051904e-47
1.267952846786431285e-47
1.253424265461402154e-47
1.239062156947923268e-47
1.224864613750923137e-47
1.210829750232036925e-47
1.196955702359045242e-47
1.183240627458385313e-47
1.169682703970377426e-47
1.156280131207373032e-47
1.143031129114481021e-47
1.129933938033228547e-47
1.116986818467815817e-47
1.104188050854157875e-47
1.091535935331393350e-47
1.079028791516190272e-47
1.066664958279532234e-47
1.054442793526166335e-47
1.042360673976403247e-47
1.030416994950593768e-47
1.018610170155969042e-47
1.006938631476025033e-47
9.954008287621538562e-48
9.839952296278287285e-48
9.727203192450478009e-48
9.615746001432076426e-48
9.505565920101211116e-48
9.396648314954748427e-48
9.288978720164440061e-48
9.182542835656263551e-48
9.077326525210242778e-48
8.973315814583574406e-48
8.870496889654348616e-48
8.768856094587408936e-48
8.668379930019791486e-48
8.569055051268399339e-48
8.470868266557349881e-48
8.373806535266471915e-48
8.277856966198488824e-48
8.183006815867440207e-48
8.089243486805888023e-48
7.996554525892329309e-48
7.904927622696436862e-48
7.814350607844590350e-48
7.724811451403352077e-48
7.636298261282225582e-48
7.548799281653447320e-48
7.462302891391153542e-48
7.376797602527686004e-48
7.292272058728298103e-48
7.208715033782150246e-48
7.126115430111789515e-48
7.044462277298993924e-48
6.963744730628207623e-48
6.883952069645510560e-48
6.805073696735248368e-48
6.727099135712295151e-48
6.650018030431105046e-48
6.573820143409598136e-48
6.498495354469928719e-48
6.424033659394151148e-48
6.350425168595948814e-48
6.277660105806513208e-48
6.205728806776538396e-48
6.134621717992468883e-48
6.064329395408049761e-48
5.994842503189421654e-48
5.926151812475588441e-48
5.858248200152500265e-48
5.791122647641746041e-48
5.724766239702190320e-48
5.659170163246276777e-48
5.594325706169342916e-48
5.530224256192889142e-48
5.466857299720191783e-48
5.404216420705948268e-48
5.342293299538319731e-48
5.281079711934320269e-48
5.220567527846986185e-48
5.160748710385939291e-48
5.101615314749802505e-48
5.043159487171348320e-48
4.985373463873904009e-48
4.928249570040543778e-48
4.871780218794600857e-48
4.815957910192341218e-48
4.760775230226378055e-48
4.706224849841310493e-48
4.652299523960160800e-48
4.598992090522428710e-48
4.546295469532408852e-48
4.494202662119169659e-48
4.442706749606855539e-48
4.391800892596076850e-48
4.341478330055101104e-48
4.291732378422183627e-48
4.242556430717751115e-48
4.193943955667177688e-48
4.145888496832919779e-48
4.098383671757286663e-48
4.051423171114622685e-48
4.005000757873603116e-48
3.959110266468467070e-48
3.913745601980407803e-48
3.868900739327951740e-48
3.824569722466991075e-48
3.780746663599357220e-48
3.737425742391087325e-48
3.694601205199279658e-48
3.652267364308168036e-48
3.610418597173344523e-48
3.569049345675251622e-48
3.528154115380861616e-48
3.487727474814170242e-48
3.447764054734470938e-48
3.408258547423472593e-48
3.369205705980246501e-48
3.330600343624581676e-48
3.292437333007775581e-48
3.254711605531867857e-48
3.217418150676352001e-48
3.180552015332913159e-48
3.144108303147271330e-48
3.108082173869082896e-48
3.072468842708984636e-48
3.037263579703305305e-48
3.002461709085555670e-48
2.968058608665620755e-48
2.934049709215768830e-48
2.900430493863985817e-48
2.867196497493775802e-48
2.834343306151326450e-48
2.801866556459178212e-48
2.769761935036885304e-48
2.738025177927863234e-48
2.706652070033257891e-48
2.675638444552028831e-48
2.644980182427714410e-48
2.614673211801097532e-48
2.584713507469579681e-48
2.555097090352491425e-48
2.525820026962779384e-48
2.496878428884331897e-48
2.468268452255707584e-48
2.439986297259535124e-48
2.412028207618002036e-48
2.384390470093725407e-48
2.357069413996742315e-48
2.330061410696910453e-48
2.303362873142126721e-48
2.276970255381684668e-48
2.250880052095475435e-48
2.225088798128355796e-48
2.199593068030070436e-48
2.174389475600084262e-48
2.149474673437993856e-48
2.124845352498869946e-48
2.100498241653911004e-48
2.076430107255778997e-48
2.052637752709264816e-48
2.029118018046665630e-48
2.005867779508229979e-48
1.982883949127075371e-48
1.960163474319197615e-48
1.937703337477976963e-48
1.915500555573524096e-48
1.893552179756298966e-48
1.871855294965590769e-48
1.850407019542290812e-48
1.829204504846290110e-48
1.808244934877955371e-48
1.787525525904246402e-48
1.767043526088935919e-48
1.746796215127242277e-48
1.726780903884359489e-48
1.706994934038418414e-48
1.687435677727365276e-48
1.668100537200055611e-48
1.648986944471068353e-48
1.630092360979751139e-48
1.611414277253010061e-48
1.592950212572119766e-48
1.574697714643089912e-48
1.556654359271071720e-48
1.538817750038336989e-48
1.521185517986101828e-48
1.503755321299741441e-48
1.486524844997866352e-48
1.469491800624808209e-48
1.452653925946778330e-48
1.436008984651263556e-48
1.419554766050110326e-48
1.403289084785864599e-48
1.387209780541618298e-48
1.371314717753948418e-48
1.355601785329377253e-48
1.340068896363942445e-48
1.324713987866114802e-48
1.309535020482670373e-48
1.294529978227923953e-48
1.279696868215933712e-48
1.265033720395901204e-48
1.250538587290393903e-48
1.236209543736776643e-48
1.222044686631481242e-48
1.208042134677326401e-48
1.194200028133534963e-48
1.180516528568812835e-48
1.166989818617140310e-48
1.153618101736476167e-48
1.140399601970035448e-48
1.127332563710494008e-48
1.114415251466781315e-48
1.101645949633654624e-48
1.089022962263732731e-48
1.076544612842322481e-48
1.064209244064718084e-48
1.052015217616156900e-48
1.039960913954122383e-48
1.028044732093316117e-48
1.016265089392989000e-48
1.004620421346811166e-48
9.931091813749821055e-49
9.817298406188901508e-49
9.704808877380247663e-49
9.593608287093127176e-49
9.483681866285947686e-49
9.375015015145347624e-49
9.267593301146826016e-49
9.161402457138501973e-49
9.056428379445313189e-49
8.952657125996455042e-49
8.850074914473384812e-49
8.748668120479896634e-49
8.648423275731743652e-49
8.549327066268437256e-49
8.451366330684669487e-49
8.354528058382855094e-49
8.258799387844289474e-49
8.164167604921521974e-49
8.070620141149457508e-49
7.978144572076613069e-49
7.886728615614172751e-49
7.796360130405284268e-49
7.707027114212255763e-49
7.618717702322983807e-49
7.531420165974391365e-49
7.445122910795189634e-49
7.359814475265725819e-49
7.275483529196217371e-49
7.192118872221207688e-49
7.109709432312482725e-49
7.028244264308309343e-49
6.947712548460226021e-49
6.868103588995321226e-49
6.789406812696154544e-49
6.711611767496245225e-49
6.634708121092337494e-49
6.558685659571448569e-49
6.483534286054767129e-49
6.409244019356417282e-49
6.335804992658241179e-49
6.263207452198704955e-49
6.191441755977885601e-49
6.120498372476665491e-49
6.050367879391211725e-49
5.981040962380956660e-49
5.912508413831917193e-49
5.844761131633601826e-49
5.777790117970495328e-49
5.711586478126446728e-49
5.646141419303707076e-49
5.581446249454932072e-49
5.517492376129117345e-49
5.454271305329847592e-49
5.391774640387538384e-49
5.329994080844060189e-49
5.268921421350666064e-49
5.208548550577676392e-49
5.148867450137529558e-49
5.089870193519653492e-49
5.031548945038046058e-49
4.973895958790077702e-49
4.916903577628061447e-49
4.860564232142108951e-49
4.804870439655124172e-49
4.749814803228514113e-49
4.695390010680091880e-49
4.641588833612753782e-49
4.588404126454751666e-49
4.535828825510199954e-49
4.483855948021218168e-49
4.432478591240373481e-49
4.381689931514185998e-49
4.331483223376411420e-49
4.281851798652441885e-49
4.232789065573526745e-49
4.184288507901575960e-49
4.136343684063285864e-49
4.088948226294889333e-49
4.042095839796285288e-49
3.995780301895265413e-49
3.949995461220655308e-49
3.904735236885587792e-49
3.859993617679747621e-49
3.815764661271244711e-49
3.772042493417009060e-49
3.728821307182860519e-49
3.686095362172139003e-49
3.643858983763540849e-49
3.602106562357081098e-49
3.560832552629303699e-49
3.520031472796660947e-49
3.479697903887688084e-49
3.439826489022935412e-49
3.400411932703730514e-49
3.361449000108747736e-49
3.322932516398968334e-49
3.284857366030053611e-49
3.247218492073152035e-49
3.210010895543155418e-49
3.173229634734973173e-49
3.136869824566886073e-49
3.100926635931948837e-49
3.065395295056510977e-49
3.030271082866393343e-49
2.995549334359822486e-49
2.961225437988055658e-49
2.927294835042800849e-49
2.893753019050947269e-49
2.860595535175750917e-49
2.827817979625361365e-49
2.795415999067841986e-49
2.763385290053167153e-49
2.731721598441384713e-49
2.700420718837791890e-49
2.669478494034307240e-49
2.638890814457507729e-49
2.608653617622556102e-49
2.578762887593819213e-49
2.549214654451410067e-49
2.520004993764089615e-49
2.491130026067796000e-49
2.462585916350564321e-49
2.434368873543098160e-49
2.406475150015421693e-49
2.378901041078900587e-49
2.351642884494365515e-49
2.324697059985635994e-49
2.298059988758848661e-49
2.271728133026912029e-49
2.245697995539789994e-49
2.219966119119943339e-49
2.194529086203311330e-49
2.169383518385191127e-49
2.144526075971682734e-49
2.119953457536060254e-49
2.095662399480431035e-49
2.071649675602075365e-49
2.047912096665100278e-49
2.024446509976793655e-49
2.001249798969034911e-49
1.978318882784170495e-49
1.955650715865963064e-49
1.933242287555035480e-49
1.911090621689135890e-49
1.889192776207672022e-49
1.867545842761089352e-49
1.846146946324538238e-49
1.824993244816150572e-49
1.804081928719388140e-49
1.783410220710021018e-49
1.762975375287196657e-49
1.742774678408917189e-49
1.722805447131399288e-49
1.703065029252856490e-49
1.683550802961193689e-49
1.664260176485901902e-49
1.645190587753667509e-49
1.626339504048203799e-49
1.607704421673815403e-49
1.589282865622976320e-49
1.571072389247455298e-49
1.553070573933471131e-49
1.535275028780414871e-49
1.517683390283403884e-49
1.500293322019222784e-49
1.483102514336115007e-49
1.466108684046977031e-49
1.449309574126215035e-49
1.432702953409835364e-49
1.416286616299209028e-49
1.400058382468090326e-49
1.384016096573130216e-49
1.368157627967476135e-49
1.352480870417884976e-49
1.336983741824939796e-49
1.321664183946603834e-49
1.306520162124725176e-49
1.291549665014893176e-49
1.276750704319259193e-49
1.262121314522546136e-49
1.247659552630873632e-49
1.233363497913784723e-49
1.219231251649104514e-49
1.205260936870841399e-49
1.191450698119779705e-49
1.177798701197127635e-49
1.164303132920870870e-49
1.150962200885031064e-49
1.137774133221494786e-49
1.124737178364760066e-49
1.111849604819265362e-49
1.099109700929496164e-49
1.086515774652541652e-49
1.074066153333441148e-49
1.061759183482994661e-49
1.049593230558226699e-49
1.037566678745189203e-49
1.025677930744429139e-49
1.013925407558810225e-49
1.002307548283864277e-49
9.908228099003827549e-50
9.794696670695466584e-50
9.682466119303074424e-50
9.571521538991855067e-50
9.461848194722030973e-50
9.353431520292454153e-50
9.246257116405696224e-50
9.140310748756222199e-50
9.035578346138956950e-50
8.932045998581032253e-50
8.829699955494046164e-50
8.728526623848371092e-50
8.628512566366922103e-50
8.529644499741085964e-50
8.431909292866216771e-50
8.335293965098187033e-50
8.239785684528545332e-50
8.145371766280803513e-50
8.052039670825436800e-50
7.959777002314977466e-50
7.868571506936875678e-50
7.778411071286546004e-50
7.689283720758274150e-50
7.601177617955322766e-50
7.514081061116992557e-50
7.427982482564971724e-50
7.342870447166728066e-50
7.258733650817245552e-50
7.175560918936950855e-50
7.093341204988047973e-50
7.012063589007148216e-50
6.931717276155400502e-50
6.852291595284085204e-50
6.773775997517800423e-50
6.696160054853187764e-50
6.619433458774388350e-50
6.543586018883255899e-50
6.468607661546374107e-50
6.394488428556910853e-50
6.321218475812448704e-50
6.248788072006913479e-50
6.177187597338538939e-50
6.106407542232011197e-50
6.036438506075863972e-50
5.967271195973334745e-50
5.898896425508542029e-50
5.831305113526194758e-50
5.764488282925873589e-50
5.698437059469159691e-50
5.633142670601398121e-50
5.568596444286385597e-50
5.504789807854967401e-50
5.441714286865910130e-50
5.379361503980741495e-50
5.317723177850944792e-50
5.256791122018418690e-50
5.196557243827678277e-50
5.137013543351380300e-50
5.078152112327649487e-50
5.019965133110079556e-50
4.962444877628933298e-50
4.905583706365085706e-50
4.849374067335213667e-50
4.793808495089106731e-50
4.738879609717670846e-50
4.684580115873083578e-50
4.630902801799718240e-50
4.577840538376616539e-50
4.525386278170185104e-50
4.473533054498499387e-50
4.422273980505878927e-50
4.371602248248502158e-50
4.321511127789779809e-50
4.271993966306811541e-50
4.223044187206654814e-50
4.174655289253134797e-50
4.126820845702968473e-50
4.079534503452482477e-50
4.032789982193688816e-50
3.986581073580438706e-50
3.940901640403463792e-50
3.895745615775532991e-50
3.851107002325553214e-50
3.806979871402283874e-50
3.763358362286548023e-50
3.720236681413096221e-50
3.677609101601015453e-50
3.635469961293317893e-50
3.593813663804640309e-50
3.552634676578168404e-50
3.511927530450713111e-50
3.471686818926559363e-50
3.431907197459056598e-50
3.392583382741019735e-50
3.353710152002915080e-50
3.315282342319423230e-50
3.277294849923395220e-50
3.239742629528221753e-50
3.202620693657636970e-50
3.165924111983520826e-50
3.129648010670763307e-50
3.093787571730161912e-50
3.058338032378418955e-50
3.023294684405776162e-50
2.988652873550394919e-50
2.954407998880404187e-50
2.920555512182733003e-50
2.887090917359234627e-50
2.854009769829249156e-50
2.821307675939493875e-50
2.788980292380428149e-50
2.757023325609582378e-50
2.725432531281039118e-50
2.694203713681904373e-50
2.663332725174969995e-50
2.632815465648020127e-50
2.602647881969014937e-50
2.572825967447953054e-50
2.543345761304637870e-50
2.514203348142796388e-50
2.485394857429808514e-50
2.456916462982810255e-50
2.428764382460440608e-50
2.400934876860651842e-50
2.373424250023875756e-50
2.346228848142281815e-50
2.319345059274417857e-50
2.292769312865648782e-50
2.266498079273701970e-50
2.240527869300036318e-50
2.214855233726350289e-50
2.189476762856620649e-50
2.164389086064029048e-50
2.139588871343439233e-50
2.115072824868786090e-50
2.090837690555749905e-50
2.066880249629090588e-50
2.043197320195287298e-50
2.019785756819870073e-50
1.996642450109793364e-50
1.973764326300263469e-50
1.951148346846632321e-50
1.928791508020769871e-50
1.906690840512251896e-50
1.884843409033803026e-50
1.863246311931575134e-50
1.841896680799703255e-50
1.820791680099462339e-50
1.799928506782483834e-50
1.779304389918591865e-50
1.758916590327725353e-50
1.738762400216250413e-50
1.718839142817152637e-50
1.699144172034639837e-50
1.679674872092646270e-50
1.660428657187529642e-50
1.641402971144473273e-50
1.622595287078100501e-50
1.604003107056813248e-50
1.585623961771137236e-50
1.567455410205601459e-50
1.549495039314644249e-50
1.531740463702073529e-50
1.514189325304352125e-50
1.496839293077261592e-50
1.479688062686408433e-50
1.462733356201123784e-50
1.445972921792019617e-50
1.429404533431766777e-50
1.413025990599545204e-50
1.396835117988734033e-50
1.380829765218092272e-50
1.365007806546019363e-50
1.349367140588317471e-50
1.333905690039053130e-50
1.318621401394748506e-50
1.303512244681514154e-50
1.288576213185528478e-50
1.273811323186473176e-50
1.259215613694150874e-50
1.244787146187911319e-50
1.230524004359271640e-50
1.216424293857362967e-50
1.202486142037412308e-50
1.188707697711908108e-50
1.175087130904817213e-50
1.161622632608497148e-50
1.148312414543511191e-50
1.135154708921003687e-50
1.122147768207989322e-50
1.109289864895218296e-50
1.096579291267809937e-50
1.084014359178335458e-50
1.071593399822679827e-50
1.059314763518365718e-50
1.047176819485520323e-50
1.035177955630180439e-50
1.023316578330253230e-50
1.011591112223825607e-50
1.000000000000000008e-50
