5.995000000000000329e-03 8.979955999999999767e+04
7.183199999999999828e-03 1.426668199999999779e+05
8.371399999999999328e-03 1.955313000000000175e+05
9.559599999999999695e-03 2.483985599999999977e+05
1.074800000000000061e-02 3.012685999999999767e+05
1.193600000000000043e-02 3.541441999999999534e+05
1.312400000000000025e-02 4.397125999999999767e+05
1.431200000000000007e-02 5.268655999999999767e+05
1.550099999999999915e-02 6.140185999999999767e+05
1.668899999999999897e-02 7.011438000000000466e+05
1.787700000000000053e-02 7.882968000000000466e+05
1.906499999999999861e-02 9.058907999999999302e+05
2.025300000000000017e-02 1.026542799999999930e+06
2.144199999999999925e-02 1.147167000000000000e+06
2.263000000000000081e-02 1.267819000000000000e+06
2.381799999999999889e-02 1.388471000000000000e+06
2.500600000000000045e-02 1.537367799999999814e+06
2.619399999999999853e-02 1.690740399999999907e+06
2.738200000000000009e-02 1.844085199999999953e+06
2.857099999999999917e-02 1.997457800000000047e+06
2.975900000000000073e-02 2.150830399999999907e+06
3.094699999999999881e-02 2.330307200000000186e+06
3.213499999999999690e-02 2.515594200000000186e+06
3.332299999999999846e-02 2.700881200000000186e+06
3.451200000000000101e-02 2.886196000000000000e+06
3.570000000000000256e-02 3.071344000000000000e+06
3.688799999999999718e-02 3.280956000000000000e+06
3.807599999999999874e-02 3.497518000000000000e+06
3.926400000000000029e-02 3.714080000000000000e+06
4.045300000000000284e-02 3.930642000000000000e+06
4.164099999999999746e-02 4.146926000000000000e+06
4.282899999999999902e-02 4.385728000000000000e+06
4.401700000000000057e-02 4.632592000000000931e+06
4.520500000000000212e-02 4.879456000000000000e+06
4.639399999999999774e-02 5.126320000000000000e+06
4.758199999999999930e-02 5.373184000000000000e+06
4.877000000000000085e-02 5.640342000000000000e+06
4.995800000000000241e-02 5.916952000000000000e+06
5.114599999999999702e-02 6.193562000000000000e+06
5.233499999999999958e-02 6.470172000000000000e+06
5.352300000000000113e-02 6.746782000000000000e+06
5.471100000000000269e-02 7.041740000000000000e+06
5.589899999999999730e-02 7.347262000000000000e+06
5.708699999999999886e-02 7.652784000000000000e+06
5.827600000000000141e-02 7.958306000000000000e+06
5.946400000000000297e-02 8.263828000000000000e+06
6.065199999999999758e-02 8.586030000000000000e+06
6.183999999999999914e-02 8.919630000000000000e+06
6.302800000000000069e-02 9.253508000000000000e+06
6.421599999999999531e-02 9.587108000000000000e+06
6.540500000000000480e-02 9.920708000000000000e+06
6.659299999999999942e-02 1.026932000000000000e+07
6.778099999999999403e-02 1.063044200000000000e+07
6.896900000000000253e-02 1.099156400000000000e+07
7.015699999999999714e-02 1.135268600000000000e+07
7.134600000000000664e-02 1.171380800000000000e+07
7.253400000000000125e-02 1.208827400000000000e+07
7.372199999999999587e-02 1.247608400000000000e+07
7.491000000000000436e-02 1.286389400000000000e+07
7.609799999999999898e-02 1.325198200000000000e+07
7.728699999999999459e-02 1.363979200000000186e+07
7.847500000000000309e-02 1.403927800000000000e+07
7.966299999999999770e-02 1.445322000000000000e+07
8.085100000000000620e-02 1.486688400000000000e+07
8.203900000000000081e-02 1.528082600000000000e+07
8.322799999999999643e-02 1.569449000000000000e+07
8.441600000000000492e-02 1.611871800000000000e+07
8.560399999999999954e-02 1.655768000000000000e+07
8.679199999999999415e-02 1.699692000000000000e+07
8.798000000000000265e-02 1.743588200000000000e+07
8.916899999999999826e-02 1.787484400000000000e+07
9.035700000000000676e-02 1.832298000000000000e+07
9.154500000000000137e-02 1.878668400000000000e+07
9.273299999999999599e-02 1.925011000000000000e+07
9.392100000000000448e-02 1.971381400000000000e+07
9.510899999999999910e-02 2.017724000000000000e+07
9.629799999999999471e-02 2.064845000000000000e+07
9.748600000000000321e-02 2.113550600000000000e+07
9.867399999999999782e-02 2.162256200000000000e+07
9.986200000000000632e-02 2.210961800000000000e+07
1.010500000000000009e-01 2.259667400000000000e+07
1.022399999999999975e-01 2.309012400000000373e+07
1.034299999999999942e-01 2.360108800000000000e+07
1.046200000000000047e-01 2.411205200000000000e+07
1.058000000000000052e-01 2.462329400000000000e+07
1.069900000000000018e-01 2.513425800000000000e+07
1.081799999999999984e-01 2.565022600000000000e+07
1.093699999999999950e-01 2.618287400000000000e+07
1.105600000000000055e-01 2.671580000000000000e+07
1.117400000000000060e-01 2.724872600000000373e+07
1.129300000000000026e-01 2.778137400000000000e+07
1.141199999999999992e-01 2.831708000000000000e+07
1.153099999999999958e-01 2.887308000000000000e+07
1.165000000000000063e-01 2.942630000000000000e+07
1.176900000000000029e-01 2.998230000000000000e+07
1.188700000000000034e-01 3.053830000000000000e+07
1.200600000000000001e-01 3.109430000000000000e+07
1.212499999999999967e-01 3.166976000000000000e+07
1.224399999999999933e-01 3.224522000000000000e+07
1.236300000000000038e-01 3.282068000000000000e+07
1.248100000000000043e-01 3.339614000000000000e+07
1.260000000000000009e-01 3.397438000000000000e+07
1.271899999999999975e-01 3.456930000000000000e+07
1.283799999999999941e-01 3.516700000000000000e+07
1.295699999999999907e-01 3.576192000000000000e+07
1.307599999999999874e-01 3.635962000000000000e+07
1.319400000000000017e-01 3.695732000000000000e+07
1.331299999999999983e-01 3.757170000000000000e+07
1.343199999999999950e-01 3.818886000000000000e+07
1.355099999999999916e-01 3.880324000000000000e+07
1.366999999999999882e-01 3.942040000000000000e+07
1.378800000000000026e-01 4.003478000000000000e+07
1.390699999999999992e-01 4.066862000000000000e+07
1.402599999999999958e-01 4.130524000000000000e+07
1.414499999999999924e-01 4.193908000000000000e+07
1.426399999999999890e-01 4.257570000000000000e+07
1.438300000000000134e-01 4.321232000000000000e+07
1.450100000000000000e-01 4.386284000000000000e+07
1.461999999999999966e-01 4.451614000000000000e+07
1.473899999999999932e-01 4.516944000000000000e+07
1.485799999999999899e-01 4.582274000000000000e+07
1.497699999999999865e-01 4.647604000000000000e+07
1.509500000000000008e-01 4.714324000000000000e+07
1.521399999999999975e-01 4.781599999999999255e+07
1.533299999999999941e-01 4.848598000000000000e+07
1.545199999999999907e-01 4.915874000000000000e+07
1.557099999999999873e-01 4.982872000000000000e+07
1.569000000000000117e-01 5.051260000000000000e+07
1.580799999999999983e-01 5.120204000000000000e+07
1.592699999999999949e-01 5.188870000000000000e+07
1.604599999999999915e-01 5.257814000000000000e+07
1.616499999999999881e-01 5.326480000000000000e+07
1.628400000000000125e-01 5.396536000000000000e+07
1.640199999999999991e-01 5.467148000000000000e+07
1.652099999999999957e-01 5.537482000000000000e+07
1.663999999999999924e-01 5.608094000000000000e+07
1.675899999999999890e-01 5.678428000000000000e+07
1.687800000000000133e-01 5.750152000000000000e+07
1.699700000000000100e-01 5.822154000000000000e+07
1.711499999999999966e-01 5.894155999999999255e+07
1.723399999999999932e-01 5.965880000000000000e+07
1.735299999999999898e-01 6.037882000000000000e+07
1.747199999999999864e-01 6.110996000000000000e+07
1.759100000000000108e-01 6.184666000000000000e+07
1.770899999999999974e-01 6.258058000000000000e+07
1.782799999999999940e-01 6.331728000000000000e+07
1.794699999999999906e-01 6.405398000000000000e+07
1.806599999999999873e-01 6.479902000000000000e+07
1.818500000000000116e-01 6.554684000000000000e+07
1.830400000000000083e-01 6.629744000000000000e+07
1.842199999999999949e-01 6.704526000000000000e+07
1.854099999999999915e-01 6.779586000000000000e+07
1.865999999999999881e-01 6.855202000000000000e+07
1.877900000000000125e-01 6.931652000000000000e+07
1.889800000000000091e-01 7.008102000000000000e+07
1.901599999999999957e-01 7.084552000000000000e+07
1.913499999999999923e-01 7.160724000000000000e+07
1.925399999999999889e-01 7.238008000000000000e+07
1.937300000000000133e-01 7.315570000000000000e+07
1.949200000000000099e-01 7.393132000000000000e+07
1.961100000000000065e-01 7.470694000000000000e+07
1.972899999999999932e-01 7.548534000000000000e+07
1.984799999999999898e-01 7.626930000000000000e+07
1.996699999999999864e-01 7.705882000000000000e+07
2.008600000000000108e-01 7.784834000000000000e+07
2.020500000000000074e-01 7.863786000000000000e+07
2.032400000000000040e-01 7.942738000000000000e+07
2.044199999999999906e-01 8.022246000000000000e+07
2.056099999999999872e-01 8.102310000000000000e+07
2.068000000000000116e-01 8.182374000000000000e+07
2.079900000000000082e-01 8.262438000000000000e+07
2.091800000000000048e-01 8.342502000000000000e+07
2.103599999999999914e-01 8.423122000000000000e+07
2.115499999999999881e-01 8.504298000000000000e+07
2.127400000000000124e-01 8.585752000000000000e+07
2.139300000000000090e-01 8.666928000000000000e+07
2.151200000000000057e-01 8.748382000000000000e+07
2.163100000000000023e-01 8.830114000000000000e+07
2.174899999999999889e-01 8.912402000000000000e+07
2.186800000000000133e-01 8.994690000000000000e+07
2.198700000000000099e-01 9.076978000000000000e+07
2.210600000000000065e-01 9.159266000000000000e+07
2.222500000000000031e-01 9.242110000000000000e+07
2.234299999999999897e-01 9.325510000000000000e+07
2.246199999999999863e-01 9.408909999999998510e+07
2.258100000000000107e-01 9.492310000000000000e+07
2.270000000000000073e-01 9.575710000000000000e+07
2.281900000000000039e-01 9.659388000000000000e+07
2.293800000000000006e-01 9.743622000000000000e+07
2.305599999999999872e-01 9.827856000000000000e+07
2.317500000000000115e-01 9.912090000000000000e+07
2.329400000000000082e-01 9.996324000000000000e+07
2.341300000000000048e-01 1.008083600000000000e+08
2.353200000000000014e-01 1.016618200000000000e+08
2.364999999999999880e-01 1.025152800000000000e+08
2.376900000000000124e-01 1.033687400000000000e+08
2.388800000000000090e-01 1.042222000000000000e+08
2.400700000000000056e-01 1.050756599999999851e+08
2.412600000000000022e-01 1.059374600000000000e+08
2.424499999999999988e-01 1.067992600000000000e+08
2.436300000000000132e-01 1.076610600000000000e+08
2.448200000000000098e-01 1.085228600000000000e+08
2.460100000000000064e-01 1.093846600000000000e+08
2.472000000000000031e-01 1.102520200000000000e+08
2.483899999999999997e-01 1.111193800000000000e+08
2.495699999999999863e-01 1.119867400000000000e+08
2.507599999999999829e-01 1.128541000000000000e+08
2.519500000000000073e-01 1.137242400000000000e+08
2.531399999999999761e-01 1.145999400000000000e+08
2.543300000000000005e-01 1.154728600000000000e+08
2.555200000000000249e-01 1.163485600000000000e+08
2.566999999999999837e-01 1.172242600000000000e+08
2.578900000000000081e-01 1.180999600000000000e+08
2.590799999999999770e-01 1.189840000000000000e+08
2.602700000000000014e-01 1.198680400000000000e+08
2.614600000000000257e-01 1.207520800000000000e+08
2.626399999999999846e-01 1.216333400000000000e+08
2.638300000000000090e-01 1.225173800000000000e+08
2.650199999999999778e-01 1.234069800000000000e+08
2.662100000000000022e-01 1.242938000000000000e+08
2.674000000000000266e-01 1.251834000000000000e+08
2.685899999999999954e-01 1.260702200000000000e+08
2.697700000000000098e-01 1.269570400000000000e+08
2.709599999999999786e-01 1.278522000000000000e+08
2.721500000000000030e-01 1.287473600000000000e+08
2.733400000000000274e-01 1.296425200000000000e+08
2.745299999999999963e-01 1.305376800000000000e+08
2.757100000000000106e-01 1.314328400000000000e+08
2.768999999999999795e-01 1.323307800000000000e+08
2.780900000000000039e-01 1.332315000000000000e+08
2.792799999999999727e-01 1.341294400000000000e+08
2.804699999999999971e-01 1.350301600000000000e+08
2.816600000000000215e-01 1.359281000000000000e+08
2.828399999999999803e-01 1.368316000000000000e+08
2.840300000000000047e-01 1.377378800000000000e+08
2.852199999999999736e-01 1.386413800000000000e+08
2.864099999999999979e-01 1.395476600000000000e+08
2.876000000000000223e-01 1.404511600000000000e+08
2.887799999999999812e-01 1.413602200000000000e+08
2.899700000000000055e-01 1.422665000000000000e+08
2.911599999999999744e-01 1.431727800000000000e+08
2.923499999999999988e-01 1.440818400000000000e+08
2.935400000000000231e-01 1.449881200000000000e+08
2.947299999999999920e-01 1.458999600000000000e+08
2.959100000000000064e-01 1.468118000000000000e+08
2.970999999999999752e-01 1.477236400000000000e+08
2.982899999999999996e-01 1.486354800000000000e+08
2.994800000000000240e-01 1.495473200000000000e+08
3.006699999999999928e-01 1.504619400000000000e+08
3.018600000000000172e-01 1.513737800000000000e+08
3.030399999999999761e-01 1.522884000000000000e+08
3.042300000000000004e-01 1.532030200000000000e+08
3.054200000000000248e-01 1.541176400000000000e+08
3.066099999999999937e-01 1.550322600000000000e+08
3.078000000000000180e-01 1.559496600000000000e+08
3.089799999999999769e-01 1.568670600000000000e+08
3.101700000000000013e-01 1.577872400000000000e+08
3.113600000000000256e-01 1.587046400000000298e+08
3.125499999999999945e-01 1.596220400000000000e+08
3.137400000000000189e-01 1.605394400000000000e+08
3.149299999999999877e-01 1.614568400000000000e+08
3.161100000000000021e-01 1.623770200000000000e+08
3.173000000000000265e-01 1.632944200000000000e+08
3.184899999999999953e-01 1.642146000000000000e+08
3.196800000000000197e-01 1.651375600000000000e+08
3.208699999999999886e-01 1.660577400000000000e+08
3.220500000000000029e-01 1.669807000000000000e+08
3.232400000000000273e-01 1.679008800000000000e+08
3.244299999999999962e-01 1.688238400000000000e+08
3.256200000000000205e-01 1.697440200000000000e+08
3.268099999999999894e-01 1.706669800000000000e+08
3.280000000000000138e-01 1.715899399999999702e+08
3.291799999999999726e-01 1.725101200000000000e+08
3.303699999999999970e-01 1.734330800000000000e+08
3.315600000000000214e-01 1.743532600000000000e+08
3.327499999999999902e-01 1.752734400000000000e+08
3.339400000000000146e-01 1.761964000000000000e+08
3.351199999999999735e-01 1.771165800000000000e+08
3.363099999999999978e-01 1.780367600000000000e+08
3.375000000000000222e-01 1.789569400000000000e+08
3.386899999999999911e-01 1.798771200000000000e+08
3.398800000000000154e-01 1.807973000000000000e+08
3.410699999999999843e-01 1.817202600000000000e+08
3.422499999999999987e-01 1.826404400000000000e+08
3.434400000000000230e-01 1.835634000000000000e+08
3.446299999999999919e-01 1.844835800000000000e+08
3.458200000000000163e-01 1.854065400000000000e+08
3.470099999999999851e-01 1.863295000000000000e+08
3.481899999999999995e-01 1.872496800000000000e+08
3.493800000000000239e-01 1.881698600000000000e+08
3.505699999999999927e-01 1.890872600000000000e+08
3.517600000000000171e-01 1.900074400000000000e+08
3.529499999999999860e-01 1.909276200000000000e+08
3.541400000000000103e-01 1.918450200000000000e+08
3.553200000000000247e-01 1.927652000000000000e+08
3.565099999999999936e-01 1.936853800000000000e+08
3.577000000000000179e-01 1.946027800000000000e+08
3.588899999999999868e-01 1.955229599999999702e+08
3.600800000000000112e-01 1.964431400000000000e+08
3.612600000000000255e-01 1.973605400000000000e+08
3.624499999999999944e-01 1.982779400000000000e+08
3.636400000000000188e-01 1.991953400000000000e+08
3.648299999999999876e-01 2.001127400000000000e+08
3.660200000000000120e-01 2.010301400000000000e+08
3.672099999999999809e-01 2.019419800000000000e+08
3.683899999999999952e-01 2.028566000000000000e+08
3.695800000000000196e-01 2.037684400000000000e+08
3.707699999999999885e-01 2.046830600000000000e+08
3.719600000000000128e-01 2.055949000000000000e+08
3.731499999999999817e-01 2.065067400000000000e+08
3.743299999999999961e-01 2.074158000000000000e+08
3.755200000000000204e-01 2.083276400000000000e+08
3.767099999999999893e-01 2.092367000000000000e+08
3.779000000000000137e-01 2.101485400000000000e+08
3.790899999999999825e-01 2.110576000000000000e+08
3.802800000000000069e-01 2.119638800000000000e+08
3.814600000000000213e-01 2.128729400000000000e+08
3.826499999999999901e-01 2.137820000000000000e+08
3.838400000000000145e-01 2.146910600000000000e+08
3.850299999999999834e-01 2.155945600000000000e+08
3.862200000000000077e-01 2.165008400000000000e+08
3.874099999999999766e-01 2.174043400000000000e+08
3.885899999999999910e-01 2.183106200000000000e+08
3.897800000000000153e-01 2.192141200000000000e+08
3.909699999999999842e-01 2.201148400000000000e+08
3.921600000000000086e-01 2.210155600000000000e+08
3.933499999999999774e-01 2.219135000000000000e+08
3.945299999999999918e-01 2.228142200000000000e+08
3.957200000000000162e-01 2.237121600000000000e+08
3.969099999999999850e-01 2.246073200000000000e+08
3.981000000000000094e-01 2.255024800000000000e+08
3.992899999999999783e-01 2.263976400000000000e+08
4.004800000000000026e-01 2.272900200000000000e+08
4.016600000000000170e-01 2.281851800000000000e+08
4.028499999999999859e-01 2.290775600000000000e+08
4.040400000000000102e-01 2.299671600000000000e+08
4.052299999999999791e-01 2.308567600000000000e+08
4.064200000000000035e-01 2.317491400000000000e+08
4.076000000000000179e-01 2.326387400000000000e+08
4.087899999999999867e-01 2.335255600000000000e+08
4.099800000000000111e-01 2.344096000000000000e+08
4.111699999999999799e-01 2.352964200000000000e+08
4.123600000000000043e-01 2.361804600000000000e+08
4.135499999999999732e-01 2.370672800000000000e+08
4.147299999999999875e-01 2.379457600000000000e+08
4.159200000000000119e-01 2.388242400000000000e+08
4.171099999999999808e-01 2.397027200000000000e+08
4.183000000000000052e-01 2.405812000000000000e+08
4.194899999999999740e-01 2.414569000000000000e+08
4.206699999999999884e-01 2.423298200000000000e+08
4.218600000000000128e-01 2.432027400000000000e+08
4.230499999999999816e-01 2.440756600000000000e+08
4.242400000000000060e-01 2.449458000000000000e+08
4.254299999999999748e-01 2.458187200000000000e+08
4.266199999999999992e-01 2.466860800000000000e+08
4.278000000000000136e-01 2.475534400000000000e+08
4.289899999999999824e-01 2.484180200000000000e+08
4.301800000000000068e-01 2.492853800000000000e+08
4.313699999999999757e-01 2.501527400000000000e+08
4.325600000000000001e-01 2.510117599999999702e+08
4.337400000000000144e-01 2.518680000000000000e+08
4.349299999999999833e-01 2.527270200000000000e+08
4.361200000000000077e-01 2.535860400000000000e+08
4.373099999999999765e-01 2.544422800000000000e+08
4.385000000000000009e-01 2.552957400000000000e+08
4.396900000000000253e-01 2.561492000000000000e+08
4.408699999999999841e-01 2.569998800000000000e+08
4.420600000000000085e-01 2.578533400000000000e+08
4.432499999999999774e-01 2.587040200000000000e+08
4.444400000000000017e-01 2.595491400000000000e+08
4.456300000000000261e-01 2.603914800000000000e+08
4.468099999999999850e-01 2.612338200000000000e+08
4.480000000000000093e-01 2.620761600000000000e+08
4.491899999999999782e-01 2.629185000000000000e+08
4.503800000000000026e-01 2.637580600000000000e+08
4.515700000000000269e-01 2.645920600000000000e+08
4.527599999999999958e-01 2.654288400000000000e+08
4.539400000000000102e-01 2.662628400000000000e+08
4.551299999999999790e-01 2.670996200000000000e+08
4.563200000000000034e-01 2.679280600000000000e+08
4.575099999999999723e-01 2.687537200000000000e+08
4.586999999999999966e-01 2.695793800000000000e+08
4.598800000000000110e-01 2.704022600000000000e+08
4.610699999999999799e-01 2.712279200000000000e+08
4.622600000000000042e-01 2.720508000000000000e+08
4.634499999999999731e-01 2.728681200000000000e+08
4.646399999999999975e-01 2.736854400000000000e+08
4.658300000000000218e-01 2.745027600000000000e+08
4.670099999999999807e-01 2.753200800000000000e+08
4.682000000000000051e-01 2.761318400000000000e+08
4.693899999999999739e-01 2.769380400000000000e+08
4.705799999999999983e-01 2.777470200000000000e+08
4.717700000000000227e-01 2.785560000000000000e+08
4.729499999999999815e-01 2.793622000000000000e+08
4.741400000000000059e-01 2.801684000000000000e+08
4.753299999999999748e-01 2.809746000000000000e+08
4.765199999999999991e-01 2.817530000000000000e+08
4.777100000000000235e-01 2.825592000000000000e+08
4.788999999999999924e-01 2.833654000000000000e+08
4.800800000000000067e-01 2.841716000000000000e+08
4.812699999999999756e-01 2.849500000000000000e+08
4.824600000000000000e-01 2.857284000000000000e+08
4.836500000000000243e-01 2.865068000000000000e+08
4.848399999999999932e-01 2.873130000000000000e+08
4.860300000000000176e-01 2.880914000000000000e+08
4.872099999999999764e-01 2.888698000000000000e+08
4.884000000000000008e-01 2.896482000000000000e+08
4.895900000000000252e-01 2.904266000000000000e+08
4.907799999999999940e-01 2.912050000000000000e+08
4.919700000000000184e-01 2.919834000000000000e+08
4.931499999999999773e-01 2.927340000000000000e+08
4.943400000000000016e-01 2.935124000000000000e+08
4.955300000000000260e-01 2.942630000000000000e+08
4.967199999999999949e-01 2.950414000000000000e+08
4.979100000000000192e-01 2.957920000000000000e+08
4.990999999999999881e-01 2.965426000000000000e+08
5.002799999999999470e-01 2.973210000000000000e+08
5.014699999999999713e-01 2.980716000000000000e+08
5.026599999999999957e-01 2.988222000000000000e+08
5.038500000000000201e-01 2.995727999999999404e+08
5.050400000000000444e-01 3.003234000000000000e+08
5.062200000000000033e-01 3.010462000000000000e+08
5.074100000000000277e-01 3.017968000000000000e+08
5.086000000000000520e-01 3.025196000000000000e+08
5.097899999999999654e-01 3.032702000000000000e+08
5.109799999999999898e-01 3.039930000000000000e+08
5.121700000000000141e-01 3.047158000000000000e+08
5.133499999999999730e-01 3.054664000000000000e+08
5.145399999999999974e-01 3.061892000000000000e+08
5.157300000000000217e-01 3.069120000000000000e+08
5.169200000000000461e-01 3.076348000000000000e+08
5.181099999999999595e-01 3.083576000000000000e+08
5.192900000000000293e-01 3.090804000000000000e+08
5.204800000000000537e-01 3.098032000000000000e+08
5.216699999999999671e-01 3.105260000000000000e+08
5.228599999999999914e-01 3.112488000000000000e+08
5.240500000000000158e-01 3.119438000000000000e+08
5.252400000000000402e-01 3.126388000000000000e+08
5.264199999999999990e-01 3.133616000000000000e+08
5.276100000000000234e-01 3.140566000000000000e+08
5.288000000000000478e-01 3.147516000000000000e+08
5.299899999999999611e-01 3.154466000000000000e+08
5.311799999999999855e-01 3.161416000000000000e+08
5.323600000000000554e-01 3.168366000000000000e+08
5.335499999999999687e-01 3.175316000000000000e+08
5.347399999999999931e-01 3.181988000000000000e+08
5.359300000000000175e-01 3.188938000000000000e+08
5.371200000000000419e-01 3.195610000000000000e+08
5.383099999999999552e-01 3.202282000000000000e+08
5.394900000000000251e-01 3.209232000000000000e+08
5.406800000000000495e-01 3.215904000000000000e+08
5.418699999999999628e-01 3.222576000000000000e+08
5.430599999999999872e-01 3.229248000000000000e+08
5.442500000000000115e-01 3.235920000000000000e+08
5.454299999999999704e-01 3.242592000000000000e+08
5.466199999999999948e-01 3.248986000000000000e+08
5.478100000000000191e-01 3.255658000000000000e+08
5.490000000000000435e-01 3.262330000000000000e+08
5.501899999999999569e-01 3.268724000000000000e+08
5.513799999999999812e-01 3.275396000000000000e+08
5.525600000000000511e-01 3.281790000000000000e+08
5.537499999999999645e-01 3.288184000000000000e+08
5.549399999999999888e-01 3.294578000000000000e+08
5.561300000000000132e-01 3.300972000000000000e+08
5.573200000000000376e-01 3.307366000000000000e+08
5.584999999999999964e-01 3.313482000000000000e+08
5.596900000000000208e-01 3.319876000000000000e+08
5.608800000000000452e-01 3.325992000000000000e+08
5.620699999999999585e-01 3.332108000000000596e+08
5.632599999999999829e-01 3.338502000000000000e+08
5.644500000000000073e-01 3.344618000000000000e+08
5.656299999999999661e-01 3.350734000000000000e+08
5.668199999999999905e-01 3.356850000000000000e+08
5.680100000000000149e-01 3.362966000000000000e+08
5.692000000000000393e-01 3.369082000000000000e+08
5.703899999999999526e-01 3.374920000000000000e+08
5.715700000000000225e-01 3.381036000000000000e+08
5.727600000000000469e-01 3.386874000000000000e+08
5.739499999999999602e-01 3.392990000000000000e+08
5.751399999999999846e-01 3.398828000000000000e+08
5.763300000000000090e-01 3.404666000000000000e+08
5.775200000000000333e-01 3.410503999999999404e+08
5.786999999999999922e-01 3.416342000000000000e+08
5.798900000000000166e-01 3.422180000000000000e+08
5.810800000000000409e-01 3.427740000000000000e+08
5.822699999999999543e-01 3.433578000000000000e+08
5.834599999999999786e-01 3.439138000000000000e+08
5.846500000000000030e-01 3.444698000000000000e+08
5.858299999999999619e-01 3.450258000000000000e+08
5.870199999999999863e-01 3.456096000000000000e+08
5.882100000000000106e-01 3.461656000000000000e+08
5.894000000000000350e-01 3.466938000000000000e+08
5.905899999999999483e-01 3.472498000000000000e+08
5.917700000000000182e-01 3.478058000000000000e+08
5.929600000000000426e-01 3.483618000000000000e+08
5.941499999999999559e-01 3.488900000000000000e+08
5.953399999999999803e-01 3.494182000000000000e+08
5.965300000000000047e-01 3.499464000000000000e+08
5.977200000000000291e-01 3.504746000000000000e+08
5.988999999999999879e-01 3.510028000000000000e+08
6.000900000000000123e-01 3.515310000000000000e+08
6.012800000000000367e-01 3.520592000000000000e+08
6.024699999999999500e-01 3.525596000000000000e+08
6.036599999999999744e-01 3.530878000000000000e+08
6.048400000000000443e-01 3.536160000000000000e+08
6.060299999999999576e-01 3.541164000000000000e+08
6.072199999999999820e-01 3.546168000000000000e+08
6.084100000000000064e-01 3.551172000000000000e+08
6.096000000000000307e-01 3.556175999999999404e+08
6.107900000000000551e-01 3.561180000000000000e+08
6.119700000000000140e-01 3.566184000000000000e+08
6.131600000000000383e-01 3.570910000000000000e+08
6.143499999999999517e-01 3.575914000000000000e+08
6.155399999999999761e-01 3.580640000000000000e+08
6.167300000000000004e-01 3.585366000000000000e+08
6.179099999999999593e-01 3.590092000000000000e+08
6.190999999999999837e-01 3.594818000000000000e+08
6.202900000000000080e-01 3.599544000000000000e+08
6.214800000000000324e-01 3.604270000000000000e+08
6.226699999999999458e-01 3.608718000000000000e+08
6.238599999999999701e-01 3.613444000000000000e+08
6.250400000000000400e-01 3.617891999999999404e+08
6.262299999999999534e-01 3.622340000000000000e+08
6.274199999999999777e-01 3.626788000000000000e+08
6.286100000000000021e-01 3.631236000000000000e+08
6.298000000000000265e-01 3.635684000000000000e+08
6.309799999999999853e-01 3.640132000000000000e+08
6.321700000000000097e-01 3.644580000000000000e+08
6.333600000000000341e-01 3.648750000000000000e+08
6.345499999999999474e-01 3.653198000000000000e+08
6.357399999999999718e-01 3.657368000000000000e+08
6.369299999999999962e-01 3.661538000000000000e+08
6.381099999999999550e-01 3.665708000000000000e+08
6.392999999999999794e-01 3.669600000000000000e+08
6.404900000000000038e-01 3.673770000000000000e+08
6.416800000000000281e-01 3.677940000000000000e+08
6.428700000000000525e-01 3.681832000000000000e+08
6.440500000000000114e-01 3.685724000000000000e+08
6.452400000000000357e-01 3.689616000000000000e+08
6.464299999999999491e-01 3.693786000000000000e+08
6.476199999999999735e-01 3.697678000000000000e+08
6.488099999999999978e-01 3.701292000000000000e+08
6.500000000000000222e-01 3.705184000000000000e+08
6.511799999999999811e-01 3.709076000000000000e+08
6.523700000000000054e-01 3.712690000000000000e+08
6.535600000000000298e-01 3.716582000000000000e+08
6.547500000000000542e-01 3.720196000000000000e+08
6.559399999999999675e-01 3.723810000000000000e+08
6.571200000000000374e-01 3.727424000000000000e+08
6.583099999999999508e-01 3.731038000000000000e+08
6.594999999999999751e-01 3.734652000000000000e+08
6.606899999999999995e-01 3.737988000000000000e+08
6.618800000000000239e-01 3.741324000000000596e+08
6.630700000000000482e-01 3.744660000000000000e+08
6.642500000000000071e-01 3.747996000000000000e+08
6.654400000000000315e-01 3.751332000000000000e+08
6.666299999999999448e-01 3.754668000000000000e+08
6.678199999999999692e-01 3.757726000000000000e+08
6.690099999999999936e-01 3.761062000000000000e+08
6.701899999999999524e-01 3.764398000000000000e+08
6.713799999999999768e-01 3.767456000000000000e+08
6.725700000000000012e-01 3.770514000000000000e+08
6.737600000000000255e-01 3.773572000000000000e+08
6.749500000000000499e-01 3.776630000000000000e+08
6.761399999999999633e-01 3.779688000000000000e+08
6.773200000000000331e-01 3.782746000000000000e+08
6.785099999999999465e-01 3.785526000000000000e+08
6.796999999999999709e-01 3.788306000000000000e+08
6.808899999999999952e-01 3.791086000000000000e+08
6.820800000000000196e-01 3.793866000000000000e+08
6.832700000000000440e-01 3.796924000000000000e+08
6.844500000000000028e-01 3.799426000000000000e+08
6.856400000000000272e-01 3.802206000000000000e+08
6.868300000000000516e-01 3.804708000000000000e+08
6.880199999999999649e-01 3.807488000000000000e+08
6.892099999999999893e-01 3.809990000000000000e+08
6.903899999999999482e-01 3.812492000000000000e+08
6.915799999999999725e-01 3.814994000000000000e+08
6.927699999999999969e-01 3.817496000000000000e+08
6.939600000000000213e-01 3.819720000000000596e+08
6.951500000000000457e-01 3.822222000000000000e+08
6.963399999999999590e-01 3.824446000000000000e+08
6.975200000000000289e-01 3.826670000000000000e+08
6.987100000000000533e-01 3.828894000000000000e+08
6.998999999999999666e-01 3.831396000000000000e+08
7.010899999999999910e-01 3.833620000000000000e+08
7.022800000000000153e-01 3.835566000000000000e+08
7.034599999999999742e-01 3.837790000000000000e+08
7.046499999999999986e-01 3.839736000000000000e+08
7.058400000000000230e-01 3.841682000000000000e+08
7.070300000000000473e-01 3.843906000000000000e+08
7.082199999999999607e-01 3.845852000000000000e+08
7.094099999999999850e-01 3.847520000000000000e+08
7.105900000000000549e-01 3.849466000000000000e+08
7.117799999999999683e-01 3.851412000000000000e+08
7.129699999999999926e-01 3.853358000000000596e+08
7.141600000000000170e-01 3.855026000000000000e+08
7.153500000000000414e-01 3.856416000000000000e+08
7.165300000000000002e-01 3.858084000000000000e+08
7.177200000000000246e-01 3.859752000000000000e+08
7.189100000000000490e-01 3.861420000000000000e+08
7.200999999999999623e-01 3.862810000000000000e+08
7.212899999999999867e-01 3.864200000000000000e+08
7.224800000000000111e-01 3.865590000000000000e+08
7.236599999999999699e-01 3.866980000000000000e+08
7.248499999999999943e-01 3.868648000000000000e+08
7.260400000000000187e-01 3.869760000000000000e+08
7.272300000000000431e-01 3.871150000000000000e+08
7.284199999999999564e-01 3.872540000000000000e+08
7.296000000000000263e-01 3.873652000000000000e+08
7.307900000000000507e-01 3.875042000000000000e+08
7.319799999999999640e-01 3.876154000000000000e+08
7.331699999999999884e-01 3.876988000000000000e+08
7.343600000000000128e-01 3.878100000000000000e+08
7.355500000000000371e-01 3.878934000000000000e+08
7.367299999999999960e-01 3.880046000000000000e+08
7.379200000000000204e-01 3.880880000000000000e+08
7.391100000000000447e-01 3.881714000000000000e+08
7.402999999999999581e-01 3.882548000000000000e+08
7.414899999999999824e-01 3.883382000000000000e+08
7.426700000000000523e-01 3.884216000000000000e+08
7.438599999999999657e-01 3.885050000000000000e+08
7.450499999999999901e-01 3.885606000000000000e+08
7.462400000000000144e-01 3.886162000000000000e+08
7.474300000000000388e-01 3.886718000000000000e+08
7.486199999999999521e-01 3.887552000000000000e+08
7.498000000000000220e-01 3.887830000000000000e+08
7.509900000000000464e-01 3.888386000000000000e+08
7.521799999999999597e-01 3.888664000000000000e+08
7.533699999999999841e-01 3.889220000000000000e+08
7.545600000000000085e-01 3.889498000000000000e+08
7.557399999999999674e-01 3.889776000000000000e+08
7.569299999999999917e-01 3.890054000000000000e+08
7.581200000000000161e-01 3.890332000000000000e+08
7.593100000000000405e-01 3.890610000000000000e+08
7.604999999999999538e-01 3.890610000000000000e+08
7.616899999999999782e-01 3.890888000000000000e+08
7.628700000000000481e-01 3.890888000000000000e+08
7.640599999999999614e-01 3.890888000000000000e+08
7.652499999999999858e-01 3.890610000000000000e+08
7.664400000000000102e-01 3.890610000000000000e+08
7.676300000000000345e-01 3.890610000000000000e+08
7.688199999999999479e-01 3.890332000000000000e+08
7.700000000000000178e-01 3.890054000000000000e+08
7.711900000000000421e-01 3.889776000000000000e+08
7.723799999999999555e-01 3.889776000000000000e+08
7.735699999999999799e-01 3.889498000000000000e+08
7.747600000000000042e-01 3.888942000000000000e+08
7.759399999999999631e-01 3.888386000000000000e+08
7.771299999999999875e-01 3.887830000000000000e+08
7.783200000000000118e-01 3.887552000000000000e+08
7.795100000000000362e-01 3.886996000000000596e+08
7.806999999999999496e-01 3.886162000000000000e+08
7.818899999999999739e-01 3.885606000000000000e+08
7.830700000000000438e-01 3.885050000000000000e+08
7.842599999999999572e-01 3.884216000000000000e+08
7.854499999999999815e-01 3.883660000000000000e+08
7.866400000000000059e-01 3.882548000000000000e+08
7.878300000000000303e-01 3.881714000000000000e+08
7.890099999999999891e-01 3.880880000000000000e+08
7.902000000000000135e-01 3.879768000000000000e+08
7.913900000000000379e-01 3.878934000000000000e+08
7.925799999999999512e-01 3.877822000000000000e+08
7.937699999999999756e-01 3.876710000000000000e+08
7.949600000000000000e-01 3.875598000000000000e+08
7.961399999999999588e-01 3.874486000000000000e+08
7.973299999999999832e-01 3.873374000000000000e+08
7.985200000000000076e-01 3.871984000000000000e+08
7.997100000000000319e-01 3.870872000000000000e+08
8.008999999999999453e-01 3.869482000000000000e+08
8.020800000000000152e-01 3.868092000000000000e+08
8.032700000000000395e-01 3.866702000000000000e+08
8.044599999999999529e-01 3.865312000000000000e+08
8.056499999999999773e-01 3.863644000000000000e+08
8.068400000000000016e-01 3.861976000000000000e+08
8.080300000000000260e-01 3.860308000000000000e+08
8.092099999999999849e-01 3.858917999999999404e+08
8.104000000000000092e-01 3.856972000000000000e+08
8.115900000000000336e-01 3.855304000000000000e+08
8.127799999999999470e-01 3.853636000000000000e+08
8.139699999999999713e-01 3.851690000000000000e+08
8.151500000000000412e-01 3.850022000000000000e+08
8.163399999999999546e-01 3.848076000000000000e+08
8.175299999999999789e-01 3.845852000000000000e+08
8.187200000000000033e-01 3.843906000000000000e+08
8.199100000000000277e-01 3.841960000000000000e+08
8.211000000000000520e-01 3.839736000000000000e+08
8.222800000000000109e-01 3.837512000000000000e+08
8.234700000000000353e-01 3.835288000000000000e+08
8.246599999999999486e-01 3.833064000000000000e+08
8.258499999999999730e-01 3.830839999999999404e+08
8.270399999999999974e-01 3.828616000000000000e+08
8.282199999999999562e-01 3.826114000000000000e+08
8.294099999999999806e-01 3.823890000000000000e+08
8.306000000000000050e-01 3.821388000000000000e+08
8.317900000000000293e-01 3.818886000000000000e+08
8.329800000000000537e-01 3.816384000000000000e+08
8.341699999999999671e-01 3.813882000000000000e+08
8.353500000000000369e-01 3.811102000000000000e+08
8.365399999999999503e-01 3.808600000000000000e+08
8.377299999999999747e-01 3.805820000000000000e+08
8.389199999999999990e-01 3.803040000000000000e+08
8.401100000000000234e-01 3.800260000000000000e+08
8.412899999999999823e-01 3.797201999999999404e+08
8.424800000000000066e-01 3.794144000000000000e+08
8.436700000000000310e-01 3.791364000000000000e+08
8.448600000000000554e-01 3.788306000000000000e+08
8.460499999999999687e-01 3.785248000000000000e+08
8.472399999999999931e-01 3.782190000000000000e+08
8.484199999999999520e-01 3.778854000000000000e+08
8.496099999999999763e-01 3.775796000000000000e+08
8.508000000000000007e-01 3.772738000000000000e+08
8.519900000000000251e-01 3.769402000000000000e+08
8.531800000000000495e-01 3.766066000000000000e+08
8.543600000000000083e-01 3.762730000000000000e+08
8.555500000000000327e-01 3.759394000000000000e+08
8.567399999999999460e-01 3.756058000000000000e+08
8.579299999999999704e-01 3.752444000000000596e+08
8.591199999999999948e-01 3.748830000000000000e+08
8.603100000000000191e-01 3.745216000000000000e+08
8.614899999999999780e-01 3.741602000000000000e+08
8.626800000000000024e-01 3.737988000000000000e+08
8.638700000000000268e-01 3.734096000000000000e+08
8.650600000000000511e-01 3.730204000000000000e+08
8.662499999999999645e-01 3.726312000000000000e+08
8.674399999999999888e-01 3.722698000000000000e+08
8.686199999999999477e-01 3.718805999999999404e+08
8.698099999999999721e-01 3.714636000000000000e+08
8.709999999999999964e-01 3.710744000000000000e+08
8.721900000000000208e-01 3.706574000000000000e+08
8.733800000000000452e-01 3.702404000000000000e+08
8.745600000000000041e-01 3.698512000000000000e+08
8.757500000000000284e-01 3.694342000000000000e+08
8.769400000000000528e-01 3.689894000000000000e+08
8.781299999999999661e-01 3.685446000000000000e+08
8.793199999999999905e-01 3.681276000000000000e+08
8.805100000000000149e-01 3.676828000000000000e+08
8.816899999999999737e-01 3.672380000000000000e+08
8.828799999999999981e-01 3.667932000000000000e+08
8.840700000000000225e-01 3.663484000000000000e+08
8.852600000000000469e-01 3.658758000000000000e+08
8.864499999999999602e-01 3.654310000000000000e+08
8.876300000000000301e-01 3.649862000000000000e+08
8.888200000000000545e-01 3.644858000000000000e+08
8.900099999999999678e-01 3.640132000000000000e+08
8.911999999999999922e-01 3.635406000000000000e+08
8.923900000000000166e-01 3.630680000000000000e+08
8.935800000000000409e-01 3.625676000000000000e+08
8.947599999999999998e-01 3.620672000000000000e+08
8.959500000000000242e-01 3.615668000000000000e+08
8.971400000000000485e-01 3.610386000000000000e+08
8.983299999999999619e-01 3.605382000000000000e+08
8.995199999999999863e-01 3.600378000000000000e+08
9.006999999999999451e-01 3.595096000000000000e+08
9.018899999999999695e-01 3.589813999999999404e+08
9.030799999999999939e-01 3.584532000000000000e+08
9.042700000000000182e-01 3.579250000000000000e+08
9.054600000000000426e-01 3.573968000000000000e+08
9.066499999999999559e-01 3.568408000000000000e+08
9.078300000000000258e-01 3.562848000000000000e+08
9.090200000000000502e-01 3.557288000000000000e+08
9.102099999999999635e-01 3.551728000000000000e+08
9.113999999999999879e-01 3.546168000000000000e+08
9.125900000000000123e-01 3.540608000000000000e+08
9.137699999999999712e-01 3.534770000000000000e+08
9.149599999999999955e-01 3.528932000000000000e+08
9.161500000000000199e-01 3.523372000000000000e+08
9.173400000000000443e-01 3.517534000000000000e+08
9.185299999999999576e-01 3.511696000000000000e+08
9.197199999999999820e-01 3.505580000000000000e+08
9.209000000000000519e-01 3.499464000000000000e+08
9.220899999999999652e-01 3.493626000000000000e+08
9.232799999999999896e-01 3.487510000000000000e+08
9.244700000000000140e-01 3.481394000000000000e+08
9.256600000000000383e-01 3.475000000000000000e+08
9.268399999999999972e-01 3.468884000000000000e+08
9.280300000000000216e-01 3.462768000000000000e+08
9.292200000000000459e-01 3.456374000000000000e+08
9.304099999999999593e-01 3.449980000000000000e+08
9.315999999999999837e-01 3.443308000000000000e+08
9.327900000000000080e-01 3.436914000000000000e+08
9.339699999999999669e-01 3.430520000000000000e+08
9.351599999999999913e-01 3.423848000000000000e+08
9.363500000000000156e-01 3.417176000000000000e+08
9.375400000000000400e-01 3.410503999999999404e+08
9.387299999999999534e-01 3.403832000000000000e+08
9.399100000000000232e-01 3.397160000000000000e+08
9.411000000000000476e-01 3.390210000000000000e+08
9.422899999999999610e-01 3.383260000000000000e+08
9.434799999999999853e-01 3.376310000000000000e+08
9.446700000000000097e-01 3.369360000000000000e+08
9.458600000000000341e-01 3.362410000000000000e+08
9.470399999999999929e-01 3.355460000000000000e+08
9.482300000000000173e-01 3.348232000000000000e+08
9.494200000000000417e-01 3.341004000000000000e+08
9.506099999999999550e-01 3.333776000000000000e+08
9.517999999999999794e-01 3.326548000000000596e+08
9.529800000000000493e-01 3.319320000000000000e+08
9.541699999999999626e-01 3.311814000000000000e+08
9.553599999999999870e-01 3.304308000000000000e+08
9.565500000000000114e-01 3.296802000000000000e+08
9.577400000000000357e-01 3.289296000000000000e+08
9.589299999999999491e-01 3.281790000000000000e+08
9.601100000000000190e-01 3.274284000000000000e+08
9.613000000000000433e-01 3.266500000000000000e+08
9.624899999999999567e-01 3.258716000000000000e+08
9.636799999999999811e-01 3.250932000000000000e+08
9.648700000000000054e-01 3.243148000000000000e+08
9.660600000000000298e-01 3.235086000000000000e+08
9.672399999999999887e-01 3.227302000000000000e+08
9.684300000000000130e-01 3.219240000000000000e+08
9.696200000000000374e-01 3.211178000000000000e+08
9.708099999999999508e-01 3.203115999999999404e+08
9.719999999999999751e-01 3.195054000000000000e+08
9.731800000000000450e-01 3.186714000000000000e+08
9.743699999999999584e-01 3.178374000000000000e+08
9.755599999999999827e-01 3.170312000000000000e+08
9.767500000000000071e-01 3.161972000000000000e+08
9.779400000000000315e-01 3.153632000000000000e+08
9.791299999999999448e-01 3.145014000000000000e+08
9.803100000000000147e-01 3.136674000000000000e+08
9.815000000000000391e-01 3.128056000000000000e+08
9.826899999999999524e-01 3.119716000000000000e+08
9.838799999999999768e-01 3.111098000000000000e+08
9.850700000000000012e-01 3.102201999999999404e+08
9.862499999999999600e-01 3.093584000000000000e+08
9.874399999999999844e-01 3.084688000000000000e+08
9.886300000000000088e-01 3.076070000000000000e+08
9.898200000000000331e-01 3.067174000000000000e+08
9.910099999999999465e-01 3.058000000000000000e+08
9.921999999999999709e-01 3.048826000000000000e+08
9.933800000000000407e-01 3.039930000000000000e+08
9.945699999999999541e-01 3.030756000000000000e+08
9.957599999999999785e-01 3.021582000000000000e+08
9.969500000000000028e-01 3.012408000000000000e+08
9.981400000000000272e-01 3.003234000000000000e+08
9.993199999999999861e-01 2.994060000000000000e+08
1.000499999999999945e+00 2.984608000000000596e+08
1.001700000000000035e+00 2.975156000000000000e+08
1.002899999999999903e+00 2.965704000000000000e+08
1.004099999999999993e+00 2.956252000000000000e+08
1.005300000000000082e+00 2.946522000000000000e+08
1.006499999999999950e+00 2.937070000000000000e+08
1.007600000000000051e+00 2.927340000000000000e+08
1.008799999999999919e+00 2.917332000000000596e+08
1.010000000000000009e+00 2.907602000000000000e+08
1.011200000000000099e+00 2.897594000000000000e+08
1.012399999999999967e+00 2.887864000000000000e+08
1.013600000000000056e+00 2.877856000000000000e+08
1.014799999999999924e+00 2.867848000000000000e+08
1.016000000000000014e+00 2.857562000000000000e+08
1.017099999999999893e+00 2.847554000000000000e+08
1.018299999999999983e+00 2.837546000000000000e+08
1.019500000000000073e+00 2.827260000000000000e+08
1.020699999999999941e+00 2.816417999999999404e+08
1.021900000000000031e+00 2.805854000000000000e+08
1.023099999999999898e+00 2.795290000000000000e+08
1.024299999999999988e+00 2.784726000000000000e+08
1.025500000000000078e+00 2.774134200000000000e+08
1.026699999999999946e+00 2.763431200000000000e+08
1.027800000000000047e+00 2.752700400000000000e+08
1.028999999999999915e+00 2.741997400000000000e+08
1.030200000000000005e+00 2.731294400000000000e+08
1.031400000000000095e+00 2.720508000000000000e+08
1.032599999999999962e+00 2.709527000000000000e+08
1.033800000000000052e+00 2.698518200000000000e+08
1.034999999999999920e+00 2.687509400000000000e+08
1.036200000000000010e+00 2.676528400000000000e+08
1.037300000000000111e+00 2.665464000000000000e+08
1.038499999999999979e+00 2.654149400000000000e+08
1.039700000000000069e+00 2.642834800000000000e+08
1.040899999999999936e+00 2.631520200000000000e+08
1.042100000000000026e+00 2.620233400000000000e+08
1.043299999999999894e+00 2.608863200000000000e+08
1.044499999999999984e+00 2.597242800000000000e+08
1.045700000000000074e+00 2.585622400000000000e+08
1.046899999999999942e+00 2.574001999999999702e+08
1.048000000000000043e+00 2.562409400000000000e+08
1.049199999999999910e+00 2.550761200000000000e+08
1.050400000000000000e+00 2.538807200000000000e+08
1.051600000000000090e+00 2.526881000000000000e+08
1.052799999999999958e+00 2.514954800000000000e+08
1.054000000000000048e+00 2.503000800000000000e+08
1.055199999999999916e+00 2.491046800000000000e+08
1.056400000000000006e+00 2.478787000000000298e+08
1.057500000000000107e+00 2.466527200000000000e+08
1.058699999999999974e+00 2.454267400000000000e+08
1.059900000000000064e+00 2.442007600000000000e+08
1.061099999999999932e+00 2.429747800000000000e+08
1.062300000000000022e+00 2.417126600000000000e+08
1.063499999999999890e+00 2.404533200000000000e+08
1.064699999999999980e+00 2.391912000000000298e+08
1.065900000000000070e+00 2.379318600000000000e+08
1.067099999999999937e+00 2.366725200000000000e+08
1.068200000000000038e+00 2.353770400000000000e+08
1.069399999999999906e+00 2.340815600000000000e+08
1.070599999999999996e+00 2.327860800000000000e+08
1.071800000000000086e+00 2.314878200000000000e+08
1.072999999999999954e+00 2.301923400000000000e+08
1.074200000000000044e+00 2.288635000000000000e+08
1.075399999999999912e+00 2.275318800000000000e+08
1.076600000000000001e+00 2.262002600000000000e+08
1.077700000000000102e+00 2.248658600000000000e+08
1.078899999999999970e+00 2.235342400000000000e+08
1.080100000000000060e+00 2.221692600000000000e+08
1.081299999999999928e+00 2.207987199999999702e+08
1.082500000000000018e+00 2.194281800000000000e+08
1.083700000000000108e+00 2.180576400000000000e+08
1.084899999999999975e+00 2.166871000000000000e+08
1.086100000000000065e+00 2.152832000000000000e+08
1.087299999999999933e+00 2.138709600000000000e+08
1.088400000000000034e+00 2.124615000000000000e+08
1.089599999999999902e+00 2.110492600000000000e+08
1.090799999999999992e+00 2.096398000000000000e+08
1.092000000000000082e+00 2.081942000000000000e+08
1.093199999999999950e+00 2.067430400000000000e+08
1.094400000000000039e+00 2.052891000000000000e+08
1.095599999999999907e+00 2.038351600000000000e+08
1.096799999999999997e+00 2.023812200000000000e+08
1.097900000000000098e+00 2.008967000000000000e+08
1.099099999999999966e+00 1.993982800000000000e+08
1.100300000000000056e+00 1.978998600000000000e+08
1.101499999999999924e+00 1.964014400000000000e+08
1.102700000000000014e+00 1.949057999999999702e+08
1.103900000000000103e+00 1.933740200000000000e+08
1.105099999999999971e+00 1.918283400000000000e+08
1.106300000000000061e+00 1.902798800000000000e+08
1.107499999999999929e+00 1.887342000000000000e+08
1.108600000000000030e+00 1.871857400000000000e+08
1.109799999999999898e+00 1.856094800000000000e+08
1.110999999999999988e+00 1.840109800000000000e+08
1.112200000000000077e+00 1.824124800000000000e+08
1.113399999999999945e+00 1.808139800000000000e+08
1.114600000000000035e+00 1.792154800000000000e+08
1.115799999999999903e+00 1.775864000000000000e+08
1.116999999999999993e+00 1.759323000000000000e+08
1.118100000000000094e+00 1.742782000000000000e+08
1.119299999999999962e+00 1.726241000000000000e+08
1.120500000000000052e+00 1.709700000000000000e+08
1.121699999999999919e+00 1.692853200000000000e+08
1.122900000000000009e+00 1.675700600000000000e+08
1.124100000000000099e+00 1.658548000000000000e+08
1.125299999999999967e+00 1.641395400000000000e+08
1.126500000000000057e+00 1.624242800000000000e+08
1.127599999999999936e+00 1.606756600000000000e+08
1.128800000000000026e+00 1.588936800000000000e+08
1.129999999999999893e+00 1.571117000000000000e+08
1.131199999999999983e+00 1.553269400000000000e+08
1.132400000000000073e+00 1.535449600000000000e+08
1.133599999999999941e+00 1.517296200000000000e+08
1.134800000000000031e+00 1.498698000000000000e+08
1.135999999999999899e+00 1.480127600000000000e+08
1.137199999999999989e+00 1.461529400000000000e+08
1.138300000000000090e+00 1.442931199999999702e+08
1.139499999999999957e+00 1.423916000000000000e+08
1.140700000000000047e+00 1.404150200000000000e+08
1.141899999999999915e+00 1.384384400000000000e+08
1.143100000000000005e+00 1.364618600000000000e+08
1.144300000000000095e+00 1.344825000000000000e+08
1.145499999999999963e+00 1.324809000000000000e+08
1.146700000000000053e+00 1.304376000000000000e+08
1.147799999999999931e+00 1.283943000000000000e+08
1.149000000000000021e+00 1.263510000000000000e+08
1.150199999999999889e+00 1.243077000000000000e+08
1.151399999999999979e+00 1.222254800000000000e+08
1.152600000000000069e+00 1.200682000000000000e+08
1.153799999999999937e+00 1.179081400000000000e+08
1.155000000000000027e+00 1.157508600000000000e+08
1.156199999999999894e+00 1.135935800000000000e+08
1.157399999999999984e+00 1.113946000000000000e+08
1.158500000000000085e+00 1.090983200000000000e+08
1.159699999999999953e+00 1.067992600000000000e+08
1.160900000000000043e+00 1.045029800000000000e+08
1.162099999999999911e+00 1.022067000000000000e+08
1.163300000000000001e+00 9.986872000000000000e+07
1.164500000000000091e+00 9.740008000000000000e+07
1.165699999999999958e+00 9.493144000000000000e+07
1.166900000000000048e+00 9.246558000000000000e+07
1.167999999999999927e+00 8.999694000000000000e+07
1.169200000000000017e+00 8.748660000000000000e+07
1.170400000000000107e+00 8.479834000000000000e+07
1.171599999999999975e+00 8.211286000000000000e+07
1.172800000000000065e+00 7.942460000000000000e+07
1.173999999999999932e+00 7.673912000000000000e+07
1.175200000000000022e+00 7.400638000000000000e+07
1.176399999999999890e+00 7.102344000000000000e+07
1.177599999999999980e+00 6.804050000000000000e+07
1.178700000000000081e+00 6.505756000000000000e+07
1.179899999999999949e+00 6.207462000000000000e+07
1.181100000000000039e+00 5.904998000000000000e+07
1.182299999999999907e+00 5.563892000000000000e+07
1.183499999999999996e+00 5.222508000000000000e+07
1.184700000000000086e+00 4.881402000000000000e+07
1.185899999999999954e+00 4.540018000000000000e+07
1.187100000000000044e+00 4.195576000000000000e+07
1.188199999999999923e+00 3.785804000000000000e+07
1.189400000000000013e+00 3.375754000000000000e+07
1.190600000000000103e+00 2.965981999999999627e+07
1.191799999999999971e+00 2.556182200000000000e+07
1.193000000000000060e+00 2.146354600000000000e+07
