3.464000000000000065e-03 8.332429999999998472e+03
5.190799999999999755e-03 2.073984999999999854e+04
6.917500000000000038e-03 3.314645000000000437e+04
8.644300000000000594e-03 5.368129999999999563e+04
1.037100000000000001e-02 7.426330000000000291e+04
1.209799999999999938e-02 1.028444000000000087e+05
1.382500000000000048e-02 1.315218500000000058e+05
1.555100000000000059e-02 1.680712999999999884e+05
1.727800000000000169e-02 2.047663000000000175e+05
1.900500000000000106e-02 2.492184999999999709e+05
2.073200000000000043e-02 2.938470000000000000e+05
2.245799999999999880e-02 3.461015000000000000e+05
2.418500000000000164e-02 3.986020000000000000e+05
2.591200000000000100e-02 4.586055000000000000e+05
2.763900000000000037e-02 5.188755000000000000e+05
2.936499999999999874e-02 5.865255000000000000e+05
3.109200000000000158e-02 6.545035000000000000e+05
3.281900000000000095e-02 7.297385000000000000e+05
3.454600000000000032e-02 8.053630000000000000e+05
3.627199999999999869e-02 8.881009999999998836e+05
3.799899999999999806e-02 9.712695000000000000e+05
3.972599999999999743e-02 1.061449000000000000e+06
4.145299999999999679e-02 1.152079500000000000e+06
4.318000000000000310e-02 1.249618500000000000e+06
4.490600000000000147e-02 1.347649500000000000e+06
4.663300000000000084e-02 1.452466000000000000e+06
4.836000000000000021e-02 1.557815500000000000e+06
5.008699999999999958e-02 1.669827500000000000e+06
5.181299999999999795e-02 1.782413500000000000e+06
5.353999999999999732e-02 1.901559500000000000e+06
5.526699999999999668e-02 2.021320500000000000e+06
5.699400000000000299e-02 2.147580000000000000e+06
5.872000000000000136e-02 2.274475000000000000e+06
6.044700000000000073e-02 2.407725000000000000e+06
6.217400000000000010e-02 2.541590000000000000e+06
6.390099999999999947e-02 2.681605000000000000e+06
6.562700000000000478e-02 2.822235000000000000e+06
6.735399999999999721e-02 2.969220000000000000e+06
6.908100000000000351e-02 3.117025000000000000e+06
7.080799999999999594e-02 3.270570000000000000e+06
7.253500000000000225e-02 3.425140000000000000e+06
7.426099999999999368e-02 3.585449999999999534e+06
7.598799999999999999e-02 3.746580000000000000e+06
7.771500000000000630e-02 3.913655000000000000e+06
7.944199999999999873e-02 4.081550000000000000e+06
8.116800000000000403e-02 4.254980000000000000e+06
8.289499999999999647e-02 4.429230000000000000e+06
8.462200000000000277e-02 4.609220000000000000e+06
8.634899999999999520e-02 4.790235000000000000e+06
8.807500000000000051e-02 4.976580000000000000e+06
8.980200000000000682e-02 5.163745000000000000e+06
9.152899999999999925e-02 5.356445000000000000e+06
9.325600000000000556e-02 5.550170000000000000e+06
9.498199999999999699e-02 5.749020000000000000e+06
9.670900000000000329e-02 5.948895000000000000e+06
9.843599999999999572e-02 6.153895000000000000e+06
1.001599999999999990e-01 6.359715000000000000e+06
1.018899999999999945e-01 6.571070000000000000e+06
1.036200000000000038e-01 6.783655000000000931e+06
1.053400000000000031e-01 7.001160000000000000e+06
1.070699999999999985e-01 7.219690000000000000e+06
1.087999999999999939e-01 7.442730000000000000e+06
1.105199999999999932e-01 7.666590000000000000e+06
1.122500000000000026e-01 7.895780000000000000e+06
1.139799999999999980e-01 8.126200000000000000e+06
1.156999999999999973e-01 8.360925000000000000e+06
1.174300000000000066e-01 8.596470000000000000e+06
1.191600000000000020e-01 8.837345000000000000e+06
1.208800000000000013e-01 9.079245000000000000e+06
1.226099999999999968e-01 9.326065000000000000e+06
1.243400000000000061e-01 9.573910000000000000e+06
1.260600000000000054e-01 9.825650000000000000e+06
1.277899999999999869e-01 1.007821000000000000e+07
1.295199999999999962e-01 1.033589500000000000e+07
1.312399999999999956e-01 1.059481000000000000e+07
1.329700000000000049e-01 1.085741500000000000e+07
1.346999999999999864e-01 1.112125000000000000e+07
1.364200000000000135e-01 1.138959500000000000e+07
1.381499999999999950e-01 1.165958000000000000e+07
1.398800000000000043e-01 1.193366500000000000e+07
1.416100000000000136e-01 1.220877500000000000e+07
1.433300000000000129e-01 1.248757500000000000e+07
1.450599999999999945e-01 1.276719500000000000e+07
1.467900000000000038e-01 1.305153000000000000e+07
1.485100000000000031e-01 1.333709500000000186e+07
1.502400000000000124e-01 1.362614500000000000e+07
1.519699999999999940e-01 1.391642500000000000e+07
1.536899999999999933e-01 1.421060000000000186e+07
1.554200000000000026e-01 1.450661999999999814e+07
1.571500000000000119e-01 1.480612500000000000e+07
1.588700000000000112e-01 1.510727000000000000e+07
1.605999999999999928e-01 1.541108000000000186e+07
1.623300000000000021e-01 1.571612000000000000e+07
1.640500000000000014e-01 1.602526000000000186e+07
1.657800000000000107e-01 1.633603999999999814e+07
1.675099999999999922e-01 1.664969000000000000e+07
1.692299999999999915e-01 1.696436500000000000e+07
1.709600000000000009e-01 1.728314000000000000e+07
1.726900000000000102e-01 1.760335000000000000e+07
1.744100000000000095e-01 1.792684000000000000e+07
1.761399999999999910e-01 1.825197000000000000e+07
1.778700000000000003e-01 1.857935500000000000e+07
1.795899999999999996e-01 1.890797000000000000e+07
1.813200000000000089e-01 1.924048000000000000e+07
1.830499999999999905e-01 1.957463000000000000e+07
1.847699999999999898e-01 1.991103500000000000e+07
1.864999999999999991e-01 2.024867000000000000e+07
1.882300000000000084e-01 2.059020000000000000e+07
1.899500000000000077e-01 2.093255000000000000e+07
1.916799999999999893e-01 2.127900000000000000e+07
1.934099999999999986e-01 2.162545000000000000e+07
1.951299999999999979e-01 2.197395000000000000e+07
1.968600000000000072e-01 2.232655000000000000e+07
1.985899999999999888e-01 2.267915000000000000e+07
2.003099999999999881e-01 2.303585000000000000e+07
2.020399999999999974e-01 2.339460000000000000e+07
2.037700000000000067e-01 2.375335000000000000e+07
2.054999999999999882e-01 2.411415000000000000e+07
2.072199999999999875e-01 2.447905000000000000e+07
2.089499999999999968e-01 2.484395000000000000e+07
2.106800000000000062e-01 2.521295000000000000e+07
2.124000000000000055e-01 2.558400000000000000e+07
2.141299999999999870e-01 2.595505000000000000e+07
2.158599999999999963e-01 2.632814999999999627e+07
2.175799999999999956e-01 2.670329999999999627e+07
2.193100000000000049e-01 2.708050000000000000e+07
2.210399999999999865e-01 2.745975000000000373e+07
2.227600000000000136e-01 2.784104999999999627e+07
2.244899999999999951e-01 2.822440000000000000e+07
2.262200000000000044e-01 2.860979999999999627e+07
2.279400000000000037e-01 2.899725000000000000e+07
2.296700000000000130e-01 2.938675000000000000e+07
2.313999999999999946e-01 2.977624999999999627e+07
2.331199999999999939e-01 3.016780000000000373e+07
2.348500000000000032e-01 3.056139999999999627e+07
2.365800000000000125e-01 3.095705000000000000e+07
2.383000000000000118e-01 3.135475000000000000e+07
2.400299999999999934e-01 3.175245000000000000e+07
2.417600000000000027e-01 3.215424999999999627e+07
2.434800000000000020e-01 3.255809999999999627e+07
2.452100000000000113e-01 3.296194999999999627e+07
2.469399999999999928e-01 3.336785000000000000e+07
2.486599999999999921e-01 3.377375000000000000e+07
2.503900000000000015e-01 3.418375000000000000e+07
2.521200000000000108e-01 3.459375000000000000e+07
2.538400000000000101e-01 3.500580000000000000e+07
2.555700000000000194e-01 3.541785000000000000e+07
2.572999999999999732e-01 3.583400000000000000e+07
2.590199999999999725e-01 3.625220000000000000e+07
2.607499999999999818e-01 3.667040000000000000e+07
2.624799999999999911e-01 3.709065000000000000e+07
2.642100000000000004e-01 3.751295000000000000e+07
2.659299999999999997e-01 3.793525000000000000e+07
2.676600000000000090e-01 3.835960000000000000e+07
2.693900000000000183e-01 3.878395000000000000e+07
2.711100000000000176e-01 3.921240000000000000e+07
2.728400000000000269e-01 3.964085000000000000e+07
2.745699999999999807e-01 4.006930000000000000e+07
2.762899999999999801e-01 4.050185000000000000e+07
2.780199999999999894e-01 4.093440000000000000e+07
2.797499999999999987e-01 4.137105000000000000e+07
2.814699999999999980e-01 4.180565000000000000e+07
2.832000000000000073e-01 4.224230000000000000e+07
2.849300000000000166e-01 4.268100000000000000e+07
2.866500000000000159e-01 4.312175000000000000e+07
2.883800000000000252e-01 4.356045000000000000e+07
2.901099999999999790e-01 4.400120000000000000e+07
2.918299999999999783e-01 4.444605000000000000e+07
2.935599999999999876e-01 4.489090000000000000e+07
2.952899999999999969e-01 4.533780000000000000e+07
2.970099999999999962e-01 4.578470000000000000e+07
2.987400000000000055e-01 4.623365000000000000e+07
3.004700000000000149e-01 4.668260000000000000e+07
3.021900000000000142e-01 4.713155000000000000e+07
3.039200000000000235e-01 4.758460000000000000e+07
3.056499999999999773e-01 4.803765000000000000e+07
3.073699999999999766e-01 4.849070000000000000e+07
3.090999999999999859e-01 4.894375000000000000e+07
3.108299999999999952e-01 4.940295000000000000e+07
3.125499999999999945e-01 4.986010000000000000e+07
3.142800000000000038e-01 5.031930000000000000e+07
3.160100000000000131e-01 5.077850000000000000e+07
3.177300000000000124e-01 5.123770000000000000e+07
3.194600000000000217e-01 5.169895000000000745e+07
3.211899999999999755e-01 5.216225000000000000e+07
3.229199999999999848e-01 5.262555000000000000e+07
3.246399999999999841e-01 5.309090000000000000e+07
3.263699999999999934e-01 5.355625000000000000e+07
3.281000000000000028e-01 5.402159999999999255e+07
3.298200000000000021e-01 5.448899999999999255e+07
3.315500000000000114e-01 5.496050000000000000e+07
3.332800000000000207e-01 5.542995000000000745e+07
3.350000000000000200e-01 5.589735000000000745e+07
3.367299999999999738e-01 5.636885000000000000e+07
3.384599999999999831e-01 5.684240000000000745e+07
3.401799999999999824e-01 5.731390000000000000e+07
3.419099999999999917e-01 5.778744999999999255e+07
3.436400000000000010e-01 5.826100000000000000e+07
3.453600000000000003e-01 5.873660000000000000e+07
3.470900000000000096e-01 5.921220000000000000e+07
3.488200000000000189e-01 5.968985000000000000e+07
3.505400000000000182e-01 6.016750000000000000e+07
3.522700000000000276e-01 6.064515000000000000e+07
3.539999999999999813e-01 6.112485000000000000e+07
3.557199999999999807e-01 6.160455000000000000e+07
3.574499999999999900e-01 6.208630000000000000e+07
3.591799999999999993e-01 6.256600000000000745e+07
3.608999999999999986e-01 6.304775000000000000e+07
3.626300000000000079e-01 6.353155000000000745e+07
3.643600000000000172e-01 6.401535000000000000e+07
3.660800000000000165e-01 6.449915000000000745e+07
3.678100000000000258e-01 6.498295000000000000e+07
3.695399999999999796e-01 6.546879999999999255e+07
3.712599999999999789e-01 6.595465000000000000e+07
3.729899999999999882e-01 6.644050000000000000e+07
3.747199999999999975e-01 6.692840000000000000e+07
3.764399999999999968e-01 6.741630000000000000e+07
3.781700000000000061e-01 6.790420000000000000e+07
3.799000000000000155e-01 6.839210000000000000e+07
3.816300000000000248e-01 6.888205000000000000e+07
3.833500000000000241e-01 6.937405000000000000e+07
3.850799999999999779e-01 6.986400000000000000e+07
3.868099999999999872e-01 7.035395000000000000e+07
3.885299999999999865e-01 7.084390000000000000e+07
3.902599999999999958e-01 7.133590000000000000e+07
3.919900000000000051e-01 7.182790000000000000e+07
3.937100000000000044e-01 7.232195000000000000e+07
3.954400000000000137e-01 7.281395000000000000e+07
3.971700000000000230e-01 7.330800000000000000e+07
3.988900000000000223e-01 7.380410000000000000e+07
4.006199999999999761e-01 7.429815000000000000e+07
4.023499999999999854e-01 7.479220000000000000e+07
4.040699999999999847e-01 7.528625000000000000e+07
4.057999999999999940e-01 7.578030000000000000e+07
4.075300000000000034e-01 7.627640000000000000e+07
4.092500000000000027e-01 7.677250000000000000e+07
4.109800000000000120e-01 7.726860000000000000e+07
4.127100000000000213e-01 7.776675000000000000e+07
4.144300000000000206e-01 7.826490000000000000e+07
4.161599999999999744e-01 7.876305000000000000e+07
4.178899999999999837e-01 7.926120000000000000e+07
4.196099999999999830e-01 7.975730000000000000e+07
4.213399999999999923e-01 8.025545000000000000e+07
4.230700000000000016e-01 8.075360000000000000e+07
4.247900000000000009e-01 8.125175000000000000e+07
4.265200000000000102e-01 8.175195000000000000e+07
4.282500000000000195e-01 8.225010000000000000e+07
4.299700000000000188e-01 8.274825000000000000e+07
4.316999999999999726e-01 8.324845000000000000e+07
4.334299999999999820e-01 8.374660000000000000e+07
4.351499999999999813e-01 8.424885000000000000e+07
4.368799999999999906e-01 8.474700000000000000e+07
4.386099999999999999e-01 8.524720000000000000e+07
4.403299999999999992e-01 8.574535000000000000e+07
4.420600000000000085e-01 8.624760000000000000e+07
4.437900000000000178e-01 8.674780000000000000e+07
4.455200000000000271e-01 8.724595000000000000e+07
4.472400000000000264e-01 8.774615000000000000e+07
4.489699999999999802e-01 8.824840000000000000e+07
4.506999999999999895e-01 8.874860000000000000e+07
4.524199999999999888e-01 8.924880000000000000e+07
4.541499999999999981e-01 8.974900000000000000e+07
4.558800000000000074e-01 9.024920000000000000e+07
4.576000000000000068e-01 9.074940000000000000e+07
4.593300000000000161e-01 9.124960000000000000e+07
4.610600000000000254e-01 9.175185000000000000e+07
4.627800000000000247e-01 9.225000000000000000e+07
4.645099999999999785e-01 9.275020000000000000e+07
4.662399999999999878e-01 9.325040000000000000e+07
4.679599999999999871e-01 9.375265000000000000e+07
4.696899999999999964e-01 9.425285000000000000e+07
4.714200000000000057e-01 9.475305000000000000e+07
4.731400000000000050e-01 9.525120000000000000e+07
4.748700000000000143e-01 9.574935000000000000e+07
4.766000000000000236e-01 9.624955000000000000e+07
4.783200000000000229e-01 9.674975000000000000e+07
4.800499999999999767e-01 9.724790000000000000e+07
4.817799999999999860e-01 9.774605000000000000e+07
4.834999999999999853e-01 9.824625000000000000e+07
4.852299999999999947e-01 9.874440000000000000e+07
4.869600000000000040e-01 9.924460000000000000e+07
4.886800000000000033e-01 9.974275000000000000e+07
4.904100000000000126e-01 1.002388500000000000e+08
4.921400000000000219e-01 1.007370000000000000e+08
4.938600000000000212e-01 1.012351500000000000e+08
4.955899999999999750e-01 1.017333000000000000e+08
4.973199999999999843e-01 1.022294000000000000e+08
4.990399999999999836e-01 1.027255000000000000e+08
5.007700000000000484e-01 1.032216000000000000e+08
5.024999999999999467e-01 1.037197500000000000e+08
5.042299999999999560e-01 1.042158500000000000e+08
5.059500000000000108e-01 1.047119500000000000e+08
5.076800000000000201e-01 1.052039500000000000e+08
5.094100000000000295e-01 1.056979999999999851e+08
5.111299999999999732e-01 1.061920500000000000e+08
5.128599999999999826e-01 1.066861000000000000e+08
5.145899999999999919e-01 1.071801500000000000e+08
5.163100000000000467e-01 1.076721500000000000e+08
5.180399999999999450e-01 1.081662000000000000e+08
5.197699999999999543e-01 1.086581999999999851e+08
5.214900000000000091e-01 1.091522500000000000e+08
5.232200000000000184e-01 1.096442500000000149e+08
5.249500000000000277e-01 1.101342000000000149e+08
5.266699999999999715e-01 1.106241500000000149e+08
5.283999999999999808e-01 1.111140999999999851e+08
5.301299999999999901e-01 1.116040499999999851e+08
5.318500000000000449e-01 1.120919500000000000e+08
5.335800000000000542e-01 1.125819000000000000e+08
5.353099999999999525e-01 1.130698000000000149e+08
5.370300000000000074e-01 1.135577000000000000e+08
5.387600000000000167e-01 1.140456000000000149e+08
5.404900000000000260e-01 1.145335000000000000e+08
5.422099999999999698e-01 1.150173000000000000e+08
5.439399999999999791e-01 1.155011000000000000e+08
5.456699999999999884e-01 1.159869500000000000e+08
5.473900000000000432e-01 1.164707500000000149e+08
5.491200000000000525e-01 1.169545499999999851e+08
5.508499999999999508e-01 1.174363000000000000e+08
5.525700000000000056e-01 1.179200999999999851e+08
5.543000000000000149e-01 1.184018500000000000e+08
5.560300000000000242e-01 1.188836000000000000e+08
5.577499999999999680e-01 1.193653499999999851e+08
5.594799999999999773e-01 1.198450499999999851e+08
5.612099999999999866e-01 1.203227000000000000e+08
5.629399999999999959e-01 1.208024000000000000e+08
5.646600000000000508e-01 1.212800500000000000e+08
5.663899999999999491e-01 1.217577000000000000e+08
5.681199999999999584e-01 1.222333000000000000e+08
5.698400000000000132e-01 1.227089000000000000e+08
5.715700000000000225e-01 1.231845000000000000e+08
5.733000000000000318e-01 1.236601000000000000e+08
5.750199999999999756e-01 1.241336500000000000e+08
5.767499999999999849e-01 1.246051500000000000e+08
5.784799999999999942e-01 1.250766499999999851e+08
5.802000000000000490e-01 1.255481500000000000e+08
5.819299999999999473e-01 1.260196500000000000e+08
5.836599999999999566e-01 1.264891000000000000e+08
5.853800000000000114e-01 1.269564999999999851e+08
5.871100000000000207e-01 1.274259500000000000e+08
5.888400000000000301e-01 1.278933500000000000e+08
5.905599999999999739e-01 1.283607500000000000e+08
5.922899999999999832e-01 1.288261000000000000e+08
5.940199999999999925e-01 1.292894000000000000e+08
5.957400000000000473e-01 1.297526999999999851e+08
5.974699999999999456e-01 1.302160000000000000e+08
5.991999999999999549e-01 1.306793000000000000e+08
6.009200000000000097e-01 1.311405500000000000e+08
6.026500000000000190e-01 1.315997500000000000e+08
6.043800000000000283e-01 1.320589500000000149e+08
6.060999999999999721e-01 1.325202000000000000e+08
6.078299999999999814e-01 1.329773500000000000e+08
6.095599999999999907e-01 1.334345000000000000e+08
6.112800000000000455e-01 1.338896000000000000e+08
6.130100000000000549e-01 1.343447000000000000e+08
6.147399999999999531e-01 1.347977500000000000e+08
6.164600000000000080e-01 1.352508000000000000e+08
6.181900000000000173e-01 1.357018000000000000e+08
6.199200000000000266e-01 1.361528000000000000e+08
6.216500000000000359e-01 1.366038000000000000e+08
6.233699999999999797e-01 1.370527500000000000e+08
6.250999999999999890e-01 1.374996500000000000e+08
6.268299999999999983e-01 1.379465500000000000e+08
6.285500000000000531e-01 1.383934500000000000e+08
6.302799999999999514e-01 1.388362500000000000e+08
6.320099999999999607e-01 1.392811000000000000e+08
6.337300000000000155e-01 1.397259500000000000e+08
6.354600000000000248e-01 1.401646500000000000e+08
6.371900000000000341e-01 1.406054000000000000e+08
6.389099999999999779e-01 1.410441000000000000e+08
6.406399999999999872e-01 1.414848500000000000e+08
6.423699999999999966e-01 1.419215000000000000e+08
6.440900000000000514e-01 1.423581500000000000e+08
6.458199999999999497e-01 1.427927500000000000e+08
6.475499999999999590e-01 1.432273500000000000e+08
6.492700000000000138e-01 1.436599000000000000e+08
6.510000000000000231e-01 1.440924500000000000e+08
6.527300000000000324e-01 1.445209000000000000e+08
6.544499999999999762e-01 1.449493500000000000e+08
6.561799999999999855e-01 1.453778000000000000e+08
6.579099999999999948e-01 1.458062500000000000e+08
6.596300000000000496e-01 1.462326500000000000e+08
6.613599999999999479e-01 1.466590500000000000e+08
6.630899999999999572e-01 1.470813500000000000e+08
6.648100000000000120e-01 1.475016000000000000e+08
6.665400000000000214e-01 1.479218500000000000e+08
6.682700000000000307e-01 1.483421000000000000e+08
6.699899999999999745e-01 1.487603000000000000e+08
6.717199999999999838e-01 1.491785000000000000e+08
6.734499999999999931e-01 1.495946500000000000e+08
6.751700000000000479e-01 1.500108000000000000e+08
6.768999999999999462e-01 1.504249000000000000e+08
6.786299999999999555e-01 1.508369500000000000e+08
6.803599999999999648e-01 1.512469500000000000e+08
6.820800000000000196e-01 1.516569500000000000e+08
6.838100000000000289e-01 1.520649000000000000e+08
6.855400000000000382e-01 1.524708000000000000e+08
6.872599999999999820e-01 1.528767000000000000e+08
6.889899999999999913e-01 1.532826000000000000e+08
6.907200000000000006e-01 1.536844000000000000e+08
6.924400000000000555e-01 1.540862000000000000e+08
6.941699999999999537e-01 1.544880000000000000e+08
6.958999999999999631e-01 1.548877500000000000e+08
6.976200000000000179e-01 1.552834000000000000e+08
6.993500000000000272e-01 1.556790500000000000e+08
7.010800000000000365e-01 1.560747000000000000e+08
7.027999999999999803e-01 1.564703500000000000e+08
7.045299999999999896e-01 1.568619000000000000e+08
7.062599999999999989e-01 1.572514000000000000e+08
7.079800000000000537e-01 1.576409000000000000e+08
7.097099999999999520e-01 1.580304000000000000e+08
7.114399999999999613e-01 1.584158000000000000e+08
7.131600000000000161e-01 1.588032500000000000e+08
7.148900000000000254e-01 1.591866000000000000e+08
7.166200000000000347e-01 1.595679000000000000e+08
7.183399999999999785e-01 1.599492000000000000e+08
7.200699999999999878e-01 1.603284500000000000e+08
7.217999999999999972e-01 1.607056500000000000e+08
7.235200000000000520e-01 1.610828500000000000e+08
7.252499999999999503e-01 1.614559500000000000e+08
7.269799999999999596e-01 1.618311000000000000e+08
7.287000000000000144e-01 1.622042000000000000e+08
7.304300000000000237e-01 1.625752500000000000e+08
7.321600000000000330e-01 1.629442500000000000e+08
7.338799999999999768e-01 1.633112000000000000e+08
7.356099999999999861e-01 1.636761000000000000e+08
7.373399999999999954e-01 1.640410000000000000e+08
7.390600000000000502e-01 1.644038500000000000e+08
7.407899999999999485e-01 1.647646500000000000e+08
7.425199999999999578e-01 1.651254500000000000e+08
7.442499999999999671e-01 1.654842000000000000e+08
7.459700000000000220e-01 1.658409000000000000e+08
7.477000000000000313e-01 1.661976000000000000e+08
7.494300000000000406e-01 1.665502000000000000e+08
7.511499999999999844e-01 1.669028000000000000e+08
7.528799999999999937e-01 1.672513000000000000e+08
7.546100000000000030e-01 1.675998000000000000e+08
7.563299999999999468e-01 1.679483000000000000e+08
7.580599999999999561e-01 1.682927000000000000e+08
7.597899999999999654e-01 1.686371000000000000e+08
7.615100000000000202e-01 1.689794500000000000e+08
7.632400000000000295e-01 1.693197500000000000e+08
7.649700000000000388e-01 1.696600500000000000e+08
7.666899999999999826e-01 1.699962500000000000e+08
7.684199999999999919e-01 1.703324500000000000e+08
7.701500000000000012e-01 1.706666000000000000e+08
7.718699999999999450e-01 1.710007500000000000e+08
7.735999999999999543e-01 1.713308000000000000e+08
7.753299999999999637e-01 1.716588000000000000e+08
7.770500000000000185e-01 1.719868000000000000e+08
7.787800000000000278e-01 1.723127500000000000e+08
7.805100000000000371e-01 1.726366500000000000e+08
7.822299999999999809e-01 1.729605500000000000e+08
7.839599999999999902e-01 1.732803500000000000e+08
7.856899999999999995e-01 1.736001500000000000e+08
7.874100000000000543e-01 1.739179000000000000e+08
7.891399999999999526e-01 1.742336000000000000e+08
7.908699999999999619e-01 1.745472500000000000e+08
7.925900000000000167e-01 1.748588500000000000e+08
7.943200000000000260e-01 1.751684000000000000e+08
7.960500000000000353e-01 1.754779500000000000e+08
7.977699999999999791e-01 1.757854500000000000e+08
7.994999999999999885e-01 1.760909000000000000e+08
8.012299999999999978e-01 1.763922500000000000e+08
8.029600000000000071e-01 1.766956500000000000e+08
8.046799999999999509e-01 1.769949500000000000e+08
8.064099999999999602e-01 1.772942500000000000e+08
8.081399999999999695e-01 1.775894500000000000e+08
8.098600000000000243e-01 1.778826000000000000e+08
8.115900000000000336e-01 1.781757500000000000e+08
8.133200000000000429e-01 1.784668500000000000e+08
8.150399999999999867e-01 1.787559000000000000e+08
8.167699999999999960e-01 1.790449500000000000e+08
8.185000000000000053e-01 1.793299000000000000e+08
8.202199999999999491e-01 1.796128000000000000e+08
8.219499999999999584e-01 1.798957000000000000e+08
8.236799999999999677e-01 1.801745000000000000e+08
8.254000000000000226e-01 1.804533000000000000e+08
8.271300000000000319e-01 1.807300500000000000e+08
8.288600000000000412e-01 1.810047500000000000e+08
8.305799999999999850e-01 1.812774000000000000e+08
8.323099999999999943e-01 1.815480000000000000e+08
8.340400000000000036e-01 1.818165500000000000e+08
8.357599999999999474e-01 1.820830500000000000e+08
8.374899999999999567e-01 1.823475000000000000e+08
8.392199999999999660e-01 1.826119500000000000e+08
8.409400000000000208e-01 1.828723000000000000e+08
8.426700000000000301e-01 1.831326500000000000e+08
8.444000000000000394e-01 1.833889000000000000e+08
8.461199999999999832e-01 1.836451500000000000e+08
8.478499999999999925e-01 1.838993500000000000e+08
8.495800000000000018e-01 1.841515000000000000e+08
8.512999999999999456e-01 1.844016000000000000e+08
8.530299999999999550e-01 1.846496500000000000e+08
8.547599999999999643e-01 1.848956500000000000e+08
8.564800000000000191e-01 1.851396000000000000e+08
8.582100000000000284e-01 1.853815000000000000e+08
8.599400000000000377e-01 1.856213500000000000e+08
8.616700000000000470e-01 1.858591500000000000e+08
8.633899999999999908e-01 1.860969500000000000e+08
8.651200000000000001e-01 1.863306500000000000e+08
8.668500000000000094e-01 1.865643500000000000e+08
8.685699999999999532e-01 1.867939500000000000e+08
8.702999999999999625e-01 1.870235500000000000e+08
8.720299999999999718e-01 1.872490500000000000e+08
8.737500000000000266e-01 1.874745500000000000e+08
8.754800000000000360e-01 1.876980000000000000e+08
8.772100000000000453e-01 1.879173500000000000e+08
8.789299999999999891e-01 1.881367000000000000e+08
8.806599999999999984e-01 1.883540000000000000e+08
8.823900000000000077e-01 1.885672000000000000e+08
8.841099999999999515e-01 1.887804000000000000e+08
8.858399999999999608e-01 1.889915500000000000e+08
8.875699999999999701e-01 1.892006500000000000e+08
8.892900000000000249e-01 1.894056500000000000e+08
8.910200000000000342e-01 1.896106500000000000e+08
8.927500000000000435e-01 1.898136000000000000e+08
8.944699999999999873e-01 1.900145000000000000e+08
8.961999999999999966e-01 1.902113000000000000e+08
8.979300000000000059e-01 1.904081000000000000e+08
8.996499999999999497e-01 1.906028500000000000e+08
9.013799999999999590e-01 1.907955500000000000e+08
9.031099999999999683e-01 1.909862000000000000e+08
9.048300000000000232e-01 1.911748000000000000e+08
9.065600000000000325e-01 1.913593000000000000e+08
9.082900000000000418e-01 1.915438000000000000e+08
9.100099999999999856e-01 1.917262500000000000e+08
9.117399999999999949e-01 1.919066500000000000e+08
9.134700000000000042e-01 1.920829500000000000e+08
9.151899999999999480e-01 1.922592500000000000e+08
9.169199999999999573e-01 1.924335000000000000e+08
9.186499999999999666e-01 1.926057000000000000e+08
9.203799999999999759e-01 1.927738000000000000e+08
9.221000000000000307e-01 1.929419000000000000e+08
9.238300000000000400e-01 1.931059000000000000e+08
9.255600000000000493e-01 1.932699000000000000e+08
9.272799999999999931e-01 1.934318500000000000e+08
9.290100000000000025e-01 1.935897000000000000e+08
9.307400000000000118e-01 1.937455000000000000e+08
9.324599999999999556e-01 1.939013000000000000e+08
9.341899999999999649e-01 1.940550500000000000e+08
9.359199999999999742e-01 1.942047000000000000e+08
9.376400000000000290e-01 1.943523000000000000e+08
9.393700000000000383e-01 1.944999000000000000e+08
9.411000000000000476e-01 1.946434000000000000e+08
9.428199999999999914e-01 1.947848500000000000e+08
9.445500000000000007e-01 1.949263000000000000e+08
9.462800000000000100e-01 1.950636500000000000e+08
9.479999999999999538e-01 1.951989500000000000e+08
9.497299999999999631e-01 1.953322000000000000e+08
9.514599999999999724e-01 1.954634000000000000e+08
9.531800000000000272e-01 1.955925500000000000e+08
9.549100000000000366e-01 1.957196500000000000e+08
9.566400000000000459e-01 1.958447000000000000e+08
9.583599999999999897e-01 1.959656500000000000e+08
9.600899999999999990e-01 1.960866000000000000e+08
9.618200000000000083e-01 1.962055000000000000e+08
9.635399999999999521e-01 1.963223500000000000e+08
9.652699999999999614e-01 1.964351000000000000e+08
9.669999999999999707e-01 1.965478500000000000e+08
9.687200000000000255e-01 1.966565000000000000e+08
9.704500000000000348e-01 1.967651500000000000e+08
9.721800000000000441e-01 1.968697000000000000e+08
9.738999999999999879e-01 1.969722000000000000e+08
9.756299999999999972e-01 1.970726500000000000e+08
9.773600000000000065e-01 1.971710500000000000e+08
9.790799999999999503e-01 1.972674000000000000e+08
9.808099999999999596e-01 1.973617000000000000e+08
9.825399999999999689e-01 1.974519000000000000e+08
9.842699999999999783e-01 1.975421000000000000e+08
9.859900000000000331e-01 1.976282000000000000e+08
9.877200000000000424e-01 1.977143000000000000e+08
9.894500000000000517e-01 1.977983500000000000e+08
9.911699999999999955e-01 1.978783000000000000e+08
9.929000000000000048e-01 1.979562000000000000e+08
9.946300000000000141e-01 1.980320500000000000e+08
9.963499999999999579e-01 1.981058500000000000e+08
9.980799999999999672e-01 1.981796500000000000e+08
9.998099999999999765e-01 1.982493500000000000e+08
1.001500000000000057e+00 1.983170000000000000e+08
1.003300000000000081e+00 1.983805500000000000e+08
1.004999999999999893e+00 1.984441000000000000e+08
1.006699999999999928e+00 1.985056000000000000e+08
1.008399999999999963e+00 1.985650500000000000e+08
1.010199999999999987e+00 1.986183500000000000e+08
1.011900000000000022e+00 1.986737000000000000e+08
1.013600000000000056e+00 1.987229000000000000e+08
1.015300000000000091e+00 1.987741500000000000e+08
1.017099999999999893e+00 1.988213000000000000e+08
1.018799999999999928e+00 1.988684500000000000e+08
1.020499999999999963e+00 1.989094500000000000e+08
1.022299999999999986e+00 1.989504500000000000e+08
1.024000000000000021e+00 1.989873500000000000e+08
1.025700000000000056e+00 1.990242500000000000e+08
1.027400000000000091e+00 1.990570500000000000e+08
1.029199999999999893e+00 1.990898500000000000e+08
1.030899999999999928e+00 1.991165000000000000e+08
1.032599999999999962e+00 1.991431500000000000e+08
1.034299999999999997e+00 1.991677500000000000e+08
1.036100000000000021e+00 1.991903000000000000e+08
1.037800000000000056e+00 1.992087500000000000e+08
1.039500000000000091e+00 1.992272000000000000e+08
1.041199999999999903e+00 1.992415500000000000e+08
1.042999999999999927e+00 1.992559000000000000e+08
1.044699999999999962e+00 1.992661500000000000e+08
1.046399999999999997e+00 1.992743500000000000e+08
1.048200000000000021e+00 1.992805000000000000e+08
1.049900000000000055e+00 1.992846000000000000e+08
1.051600000000000090e+00 1.992866500000000000e+08
1.053299999999999903e+00 1.992866500000000000e+08
1.055099999999999927e+00 1.992825500000000000e+08
1.056799999999999962e+00 1.992764000000000000e+08
1.058499999999999996e+00 1.992682000000000000e+08
1.060200000000000031e+00 1.992600000000000000e+08
1.062000000000000055e+00 1.992456500000000000e+08
1.063700000000000090e+00 1.992313000000000000e+08
1.065399999999999903e+00 1.992149000000000000e+08
1.067099999999999937e+00 1.991944000000000000e+08
1.068899999999999961e+00 1.991739000000000000e+08
1.070599999999999996e+00 1.991493000000000000e+08
1.072300000000000031e+00 1.991226500000000000e+08
1.074100000000000055e+00 1.990960000000000000e+08
1.075800000000000090e+00 1.990632000000000000e+08
1.077499999999999902e+00 1.990324500000000000e+08
1.079199999999999937e+00 1.989955500000000000e+08
1.080999999999999961e+00 1.989586500000000000e+08
1.082699999999999996e+00 1.989176500000000000e+08
1.084400000000000031e+00 1.988746000000000000e+08
1.086100000000000065e+00 1.988295000000000000e+08
1.087900000000000089e+00 1.987844000000000000e+08
1.089599999999999902e+00 1.987331500000000000e+08
1.091299999999999937e+00 1.986839500000000000e+08
1.093099999999999961e+00 1.986286000000000000e+08
1.094799999999999995e+00 1.985712000000000000e+08
1.096500000000000030e+00 1.985117500000000000e+08
1.098200000000000065e+00 1.984523000000000000e+08
1.100000000000000089e+00 1.983887500000000000e+08
1.101699999999999902e+00 1.983231500000000000e+08
1.103399999999999936e+00 1.982534500000000000e+08
1.105099999999999971e+00 1.981837500000000000e+08
1.106899999999999995e+00 1.981099500000000000e+08
1.108600000000000030e+00 1.980361500000000000e+08
1.110300000000000065e+00 1.979562000000000000e+08
1.112000000000000099e+00 1.978762500000000000e+08
1.113799999999999901e+00 1.977942500000000000e+08
1.115499999999999936e+00 1.977122500000000000e+08
1.117199999999999971e+00 1.976241000000000000e+08
1.118999999999999995e+00 1.975380000000000000e+08
1.120700000000000029e+00 1.974416500000000000e+08
1.122400000000000064e+00 1.973473500000000000e+08
1.124100000000000099e+00 1.972510000000000000e+08
1.125899999999999901e+00 1.971546500000000000e+08
1.127599999999999936e+00 1.970542000000000000e+08
1.129299999999999971e+00 1.969537500000000000e+08
1.131000000000000005e+00 1.968451000000000000e+08
1.132800000000000029e+00 1.967364500000000000e+08
1.134500000000000064e+00 1.966257500000000000e+08
1.136200000000000099e+00 1.965150500000000000e+08
1.137899999999999912e+00 1.964002500000000000e+08
1.139699999999999935e+00 1.962854500000000000e+08
1.141399999999999970e+00 1.961624500000000000e+08
1.143100000000000005e+00 1.960394500000000000e+08
1.144900000000000029e+00 1.959144000000000000e+08
1.146600000000000064e+00 1.957914000000000000e+08
1.148300000000000098e+00 1.956581500000000000e+08
1.149999999999999911e+00 1.955249000000000000e+08
1.151799999999999935e+00 1.953916500000000000e+08
1.153499999999999970e+00 1.952563500000000000e+08
1.155200000000000005e+00 1.951190000000000000e+08
1.156900000000000039e+00 1.949796000000000000e+08
1.158700000000000063e+00 1.948340500000000000e+08
1.160400000000000098e+00 1.946864500000000000e+08
1.162099999999999911e+00 1.945388500000000000e+08
1.163799999999999946e+00 1.943912500000000000e+08
1.165599999999999969e+00 1.942395500000000000e+08
1.167300000000000004e+00 1.940858000000000000e+08
1.169000000000000039e+00 1.939259000000000000e+08
1.170800000000000063e+00 1.937639500000000000e+08
1.172500000000000098e+00 1.936020000000000000e+08
1.174199999999999910e+00 1.934400500000000000e+08
1.175899999999999945e+00 1.932740000000000000e+08
1.177699999999999969e+00 1.931059000000000000e+08
1.179400000000000004e+00 1.929316500000000000e+08
1.181100000000000039e+00 1.927553500000000000e+08
1.182800000000000074e+00 1.925790500000000000e+08
1.184600000000000097e+00 1.924027500000000000e+08
1.186299999999999910e+00 1.922244000000000000e+08
1.187999999999999945e+00 1.920440000000000000e+08
1.189799999999999969e+00 1.918554000000000000e+08
1.191500000000000004e+00 1.916647500000000000e+08
1.193200000000000038e+00 1.914741000000000000e+08
1.194900000000000073e+00 1.912834500000000000e+08
1.196700000000000097e+00 1.910846000000000000e+08
1.198399999999999910e+00 1.908857500000000000e+08
1.200099999999999945e+00 1.906848500000000000e+08
1.201799999999999979e+00 1.904860000000000000e+08
1.203600000000000003e+00 1.902830500000000000e+08
1.205300000000000038e+00 1.900801000000000000e+08
1.207000000000000073e+00 1.898669000000000000e+08
1.208700000000000108e+00 1.896516500000000000e+08
1.210499999999999909e+00 1.894384500000000000e+08
1.212199999999999944e+00 1.892252500000000000e+08
1.213899999999999979e+00 1.890079500000000000e+08
1.215700000000000003e+00 1.887906500000000000e+08
1.217400000000000038e+00 1.885631000000000000e+08
1.219100000000000072e+00 1.883355500000000000e+08
1.220800000000000107e+00 1.881080000000000000e+08
1.222599999999999909e+00 1.878804500000000000e+08
1.224299999999999944e+00 1.876508500000000000e+08
1.225999999999999979e+00 1.874192000000000000e+08
1.227700000000000014e+00 1.871773000000000000e+08
1.229500000000000037e+00 1.869333500000000000e+08
1.231200000000000072e+00 1.866935000000000000e+08
1.232900000000000107e+00 1.864516000000000000e+08
1.234599999999999920e+00 1.862015000000000000e+08
1.236399999999999944e+00 1.859473000000000000e+08
1.238099999999999978e+00 1.856972000000000000e+08
1.239800000000000013e+00 1.854450500000000000e+08
1.241600000000000037e+00 1.851908500000000000e+08
1.243300000000000072e+00 1.849366500000000000e+08
1.245000000000000107e+00 1.846722000000000000e+08
1.246699999999999919e+00 1.844057000000000000e+08
1.248499999999999943e+00 1.841412500000000000e+08
1.250199999999999978e+00 1.838768000000000000e+08
1.251900000000000013e+00 1.836103000000000000e+08
1.253600000000000048e+00 1.833397000000000000e+08
1.255400000000000071e+00 1.830609000000000000e+08
1.257100000000000106e+00 1.827800500000000000e+08
1.258799999999999919e+00 1.825012500000000000e+08
1.260499999999999954e+00 1.822245000000000000e+08
1.262299999999999978e+00 1.819416000000000000e+08
1.264000000000000012e+00 1.816607500000000000e+08
1.265700000000000047e+00 1.813676000000000000e+08
1.267500000000000071e+00 1.810724000000000000e+08
1.269200000000000106e+00 1.807792500000000000e+08
1.270899999999999919e+00 1.804861000000000000e+08
1.272599999999999953e+00 1.801909000000000000e+08
1.274399999999999977e+00 1.798957000000000000e+08
1.276100000000000012e+00 1.795882000000000000e+08
1.277800000000000047e+00 1.792807000000000000e+08
1.279500000000000082e+00 1.789732000000000000e+08
1.281300000000000106e+00 1.786677500000000000e+08
1.282999999999999918e+00 1.783520500000000000e+08
1.284699999999999953e+00 1.780322500000000000e+08
1.286399999999999988e+00 1.777165500000000000e+08
1.288200000000000012e+00 1.774029000000000000e+08
1.289900000000000047e+00 1.770831000000000000e+08
1.291600000000000081e+00 1.767653500000000000e+08
1.293400000000000105e+00 1.764353000000000000e+08
1.295099999999999918e+00 1.761011500000000000e+08
1.296799999999999953e+00 1.757711000000000000e+08
1.298499999999999988e+00 1.754431000000000000e+08
1.300300000000000011e+00 1.751110000000000000e+08
1.302000000000000046e+00 1.747789000000000000e+08
1.303700000000000081e+00 1.744365500000000000e+08
1.305399999999999894e+00 1.740880500000000000e+08
1.307199999999999918e+00 1.737436500000000000e+08
1.308899999999999952e+00 1.734033500000000000e+08
1.310599999999999987e+00 1.730569000000000000e+08
1.312400000000000011e+00 1.727104500000000000e+08
1.314100000000000046e+00 1.723537500000000000e+08
1.315800000000000081e+00 1.719929500000000000e+08
1.317499999999999893e+00 1.716362500000000000e+08
1.319299999999999917e+00 1.712795500000000000e+08
1.320999999999999952e+00 1.709146500000000000e+08
1.322699999999999987e+00 1.705436000000000000e+08
1.324400000000000022e+00 1.701766500000000000e+08
1.326200000000000045e+00 1.698117500000000000e+08
1.327900000000000080e+00 1.694448000000000000e+08
1.329599999999999893e+00 1.690758000000000000e+08
1.331299999999999928e+00 1.686945000000000000e+08
1.333099999999999952e+00 1.683111500000000000e+08
1.334799999999999986e+00 1.679298500000000000e+08
1.336500000000000021e+00 1.675506000000000000e+08
1.338300000000000045e+00 1.671713500000000000e+08
1.340000000000000080e+00 1.667880000000000000e+08
1.341699999999999893e+00 1.663964500000000000e+08
1.343399999999999928e+00 1.659967000000000000e+08
1.345199999999999951e+00 1.656031000000000000e+08
1.346899999999999986e+00 1.652115500000000000e+08
1.348600000000000021e+00 1.648159000000000000e+08
1.350300000000000056e+00 1.644202500000000000e+08
1.352100000000000080e+00 1.640143500000000000e+08
1.353799999999999892e+00 1.636023000000000000e+08
1.355499999999999927e+00 1.631943500000000000e+08
1.357199999999999962e+00 1.627905000000000000e+08
1.358999999999999986e+00 1.623825500000000000e+08
1.360700000000000021e+00 1.619725500000000000e+08
1.362400000000000055e+00 1.615523000000000000e+08
1.364200000000000079e+00 1.611259000000000000e+08
1.365899999999999892e+00 1.607036000000000000e+08
1.367599999999999927e+00 1.602854000000000000e+08
1.369299999999999962e+00 1.598569500000000000e+08
1.371099999999999985e+00 1.594223500000000000e+08
1.372800000000000020e+00 1.589918500000000000e+08
1.374500000000000055e+00 1.585654500000000000e+08
1.376200000000000090e+00 1.581349500000000000e+08
1.377999999999999892e+00 1.577024000000000000e+08
1.379699999999999926e+00 1.572616500000000000e+08
1.381399999999999961e+00 1.568106500000000000e+08
1.383099999999999996e+00 1.563678500000000000e+08
1.384900000000000020e+00 1.559271000000000000e+08
1.386600000000000055e+00 1.554843000000000000e+08
1.388300000000000090e+00 1.550374000000000000e+08
1.390099999999999891e+00 1.545823000000000000e+08
1.391799999999999926e+00 1.541210500000000000e+08
1.393499999999999961e+00 1.536639000000000000e+08
1.395199999999999996e+00 1.532088000000000000e+08
1.397000000000000020e+00 1.527537000000000000e+08
1.398700000000000054e+00 1.522945000000000000e+08
1.400400000000000089e+00 1.518271000000000000e+08
1.402099999999999902e+00 1.513494500000000000e+08
1.403899999999999926e+00 1.508779500000000000e+08
1.405599999999999961e+00 1.504105500000000000e+08
1.407299999999999995e+00 1.499349500000000000e+08
1.409000000000000030e+00 1.494491000000000000e+08
1.410800000000000054e+00 1.489694000000000000e+08
1.412500000000000089e+00 1.484917500000000000e+08
1.414199999999999902e+00 1.480141000000000000e+08
1.415999999999999925e+00 1.475344000000000000e+08
1.417699999999999960e+00 1.470444500000000000e+08
1.419399999999999995e+00 1.465442500000000000e+08
1.421100000000000030e+00 1.460522500000000000e+08
1.422900000000000054e+00 1.455623000000000000e+08
1.424600000000000088e+00 1.450703000000000000e+08
1.426299999999999901e+00 1.445762500000000000e+08
1.427999999999999936e+00 1.440740000000000000e+08
1.429799999999999960e+00 1.435594500000000000e+08
1.431499999999999995e+00 1.430531000000000000e+08
1.433200000000000029e+00 1.425488000000000000e+08
1.435000000000000053e+00 1.420445000000000000e+08
1.436700000000000088e+00 1.415381500000000000e+08
1.438399999999999901e+00 1.410236000000000000e+08
1.440099999999999936e+00 1.404967500000000000e+08
1.441899999999999959e+00 1.399760500000000000e+08
1.443599999999999994e+00 1.394594500000000000e+08
1.445300000000000029e+00 1.389428500000000000e+08
1.447000000000000064e+00 1.384221500000000000e+08
1.448800000000000088e+00 1.378932500000000000e+08
1.450499999999999901e+00 1.373541000000000000e+08
1.452199999999999935e+00 1.368190500000000000e+08
1.453899999999999970e+00 1.362901500000000000e+08
1.455699999999999994e+00 1.357510000000000000e+08
1.457400000000000029e+00 1.352016000000000000e+08
1.459100000000000064e+00 1.346583500000000000e+08
1.460900000000000087e+00 1.341212500000000000e+08
1.462599999999999900e+00 1.335821000000000000e+08
1.464299999999999935e+00 1.330388500000000149e+08
1.465999999999999970e+00 1.324894500000000000e+08
1.467799999999999994e+00 1.319257000000000000e+08
1.469500000000000028e+00 1.313680999999999851e+08
1.471200000000000063e+00 1.308166500000000000e+08
1.472900000000000098e+00 1.302631500000000149e+08
1.474699999999999900e+00 1.297075999999999851e+08
1.476399999999999935e+00 1.291438500000000000e+08
1.478099999999999969e+00 1.285678000000000149e+08
1.479800000000000004e+00 1.279958500000000000e+08
1.481600000000000028e+00 1.274320999999999851e+08
1.483300000000000063e+00 1.268642500000000000e+08
1.485000000000000098e+00 1.262963999999999851e+08
1.486799999999999899e+00 1.257183000000000000e+08
1.488499999999999934e+00 1.251279000000000000e+08
1.490199999999999969e+00 1.245415999999999851e+08
1.491900000000000004e+00 1.239635000000000000e+08
1.493700000000000028e+00 1.233772000000000149e+08
1.495400000000000063e+00 1.227786000000000000e+08
1.497100000000000097e+00 1.221841000000000000e+08
1.498799999999999910e+00 1.215957499999999851e+08
1.500599999999999934e+00 1.210053499999999851e+08
1.502299999999999969e+00 1.204149500000000000e+08
1.504000000000000004e+00 1.198143000000000000e+08
1.505700000000000038e+00 1.192013500000000149e+08
1.507500000000000062e+00 1.185925000000000000e+08
1.509200000000000097e+00 1.179897999999999851e+08
1.510899999999999910e+00 1.173891500000000000e+08
1.512699999999999934e+00 1.167823500000000000e+08
1.514399999999999968e+00 1.161693999999999851e+08
1.516100000000000003e+00 1.155400500000000149e+08
1.517800000000000038e+00 1.149168500000000000e+08
1.519600000000000062e+00 1.143018500000000000e+08
1.521300000000000097e+00 1.136848000000000149e+08
1.522999999999999909e+00 1.130657000000000000e+08
1.524699999999999944e+00 1.124363500000000000e+08
1.526499999999999968e+00 1.117947000000000149e+08
1.528200000000000003e+00 1.111551000000000000e+08
1.529900000000000038e+00 1.105257500000000000e+08
1.531600000000000072e+00 1.098943500000000149e+08
1.533400000000000096e+00 1.092609000000000000e+08
1.535099999999999909e+00 1.086192500000000149e+08
1.536799999999999944e+00 1.079612000000000000e+08
1.538599999999999968e+00 1.073072500000000000e+08
1.540300000000000002e+00 1.066635500000000149e+08
1.542000000000000037e+00 1.060116500000000000e+08
1.543700000000000072e+00 1.053433500000000149e+08
1.545500000000000096e+00 1.046791500000000000e+08
1.547199999999999909e+00 1.040231500000000149e+08
1.548899999999999944e+00 1.033671499999999851e+08
1.550599999999999978e+00 1.027070499999999851e+08
1.552400000000000002e+00 1.020408000000000000e+08
1.554100000000000037e+00 1.013561000000000000e+08
1.555800000000000072e+00 1.006775500000000000e+08
1.557600000000000096e+00 1.000072000000000000e+08
1.559299999999999908e+00 9.933480000000000000e+07
1.560999999999999943e+00 9.865830000000000000e+07
1.562699999999999978e+00 9.797770000000000000e+07
1.564500000000000002e+00 9.727660000000000000e+07
1.566200000000000037e+00 9.657960000000000000e+07
1.567900000000000071e+00 9.589285000000000000e+07
1.569600000000000106e+00 9.520405000000000000e+07
1.571399999999999908e+00 9.451115000000000000e+07
1.573099999999999943e+00 9.381415000000000000e+07
1.574799999999999978e+00 9.309460000000000000e+07
1.576500000000000012e+00 9.238120000000000000e+07
1.578300000000000036e+00 9.167600000000000000e+07
1.580000000000000071e+00 9.096670000000000000e+07
1.581700000000000106e+00 9.023690000000000000e+07
1.583499999999999908e+00 8.951120000000000000e+07
1.585199999999999942e+00 8.879370000000000000e+07
1.586899999999999977e+00 8.807620000000000000e+07
1.588600000000000012e+00 8.735460000000000000e+07
1.590400000000000036e+00 8.662685000000000000e+07
1.592100000000000071e+00 8.587655000000000000e+07
1.593800000000000106e+00 8.512830000000000000e+07
1.595499999999999918e+00 8.439440000000000000e+07
1.597299999999999942e+00 8.365640000000000000e+07
1.598999999999999977e+00 8.291635000000000000e+07
1.600700000000000012e+00 8.216810000000000000e+07
1.602400000000000047e+00 8.139730000000000000e+07
1.604200000000000070e+00 8.062855000000000000e+07
1.605900000000000105e+00 7.987415000000000000e+07
1.607599999999999918e+00 7.911770000000000000e+07
1.609399999999999942e+00 7.835305000000000000e+07
1.611099999999999977e+00 7.758430000000000000e+07
1.612800000000000011e+00 7.679095000000000000e+07
1.614500000000000046e+00 7.600170000000000000e+07
1.616300000000000070e+00 7.522270000000000000e+07
1.618000000000000105e+00 7.444165000000000000e+07
1.619699999999999918e+00 7.365445000000000000e+07
1.621399999999999952e+00 7.286110000000000000e+07
1.623199999999999976e+00 7.204315000000000000e+07
1.624900000000000011e+00 7.122725000000000000e+07
1.626600000000000046e+00 7.042160000000000000e+07
1.628300000000000081e+00 6.961185000000000000e+07
1.630100000000000104e+00 6.877545000000000000e+07
1.631799999999999917e+00 6.794110000000000000e+07
1.633499999999999952e+00 6.711700000000000000e+07
1.635299999999999976e+00 6.629290000000000000e+07
1.637000000000000011e+00 6.545855000000000000e+07
1.638700000000000045e+00 6.462215000000000000e+07
1.640400000000000080e+00 6.375295000000000000e+07
1.642200000000000104e+00 6.288579999999999255e+07
1.643899999999999917e+00 6.203095000000000745e+07
1.645599999999999952e+00 6.117405000000000000e+07
1.647299999999999986e+00 6.030690000000000000e+07
1.649100000000000010e+00 5.943565000000000745e+07
1.650800000000000045e+00 5.852955000000000000e+07
1.652500000000000080e+00 5.762755000000000745e+07
1.654199999999999893e+00 5.673375000000000000e+07
1.655999999999999917e+00 5.583995000000000745e+07
1.657699999999999951e+00 5.493179999999999255e+07
1.659399999999999986e+00 5.402159999999999255e+07
1.661200000000000010e+00 5.307245000000000000e+07
1.662900000000000045e+00 5.212535000000000000e+07
1.664600000000000080e+00 5.118645000000000000e+07
1.666299999999999892e+00 5.024550000000000000e+07
1.668099999999999916e+00 4.926150000000000000e+07
1.669799999999999951e+00 4.827750000000000000e+07
1.671499999999999986e+00 4.730375000000000000e+07
1.673200000000000021e+00 4.632795000000000000e+07
1.675000000000000044e+00 4.533165000000000000e+07
1.676700000000000079e+00 4.433330000000000000e+07
1.678399999999999892e+00 4.328575000000000000e+07
1.680199999999999916e+00 4.223820000000000000e+07
1.681899999999999951e+00 4.119680000000000000e+07
1.683599999999999985e+00 4.015335000000000000e+07
1.685300000000000020e+00 3.908325000000000000e+07
1.687100000000000044e+00 3.801110000000000000e+07
1.688800000000000079e+00 3.687745000000000000e+07
1.690499999999999892e+00 3.574585000000000000e+07
1.692199999999999926e+00 3.461220000000000000e+07
1.693999999999999950e+00 3.347855000000000373e+07
1.695699999999999985e+00 3.230595000000000000e+07
1.697400000000000020e+00 3.113335000000000000e+07
1.699100000000000055e+00 2.988080000000000000e+07
1.700900000000000079e+00 2.862619999999999627e+07
1.702599999999999891e+00 2.736135000000000000e+07
1.704299999999999926e+00 2.609444999999999627e+07
1.706099999999999950e+00 2.476605000000000000e+07
1.707799999999999985e+00 2.343970000000000000e+07
1.709500000000000020e+00 2.200265000000000000e+07
1.711200000000000054e+00 2.056355000000000000e+07
1.713000000000000078e+00 1.908242500000000000e+07
1.714699999999999891e+00 1.760027500000000000e+07
1.716399999999999926e+00 1.596683500000000000e+07
1.718099999999999961e+00 1.433011500000000186e+07
1.719899999999999984e+00 1.260893500000000000e+07
1.721600000000000019e+00 1.088755000000000000e+07
1.723300000000000054e+00 8.999500000000000000e+06
1.725000000000000089e+00 7.110835000000000931e+06
1.726799999999999891e+00 4.997285000000000000e+06
1.728499999999999925e+00 2.876765000000000000e+06
