3.480000000000000020e-03 2.149855999999999767e+02
5.214800000000000338e-03 5.351363999999999805e+02
6.949499999999999948e-03 8.552342999999999620e+02
8.684300000000000699e-03 1.385027800000000070e+03
1.041899999999999944e-02 1.916090900000000147e+03
1.215399999999999987e-02 2.653516900000000078e+03
1.388900000000000030e-02 3.393429200000000037e+03
1.562299999999999973e-02 4.336583300000000236e+03
1.735799999999999843e-02 5.283493300000000090e+03
1.909299999999999886e-02 6.429994999999999891e+03
2.082799999999999929e-02 7.581627999999999702e+03
2.256199999999999872e-02 8.930049000000000888e+03
2.429699999999999915e-02 1.028428900000000067e+04
2.603199999999999958e-02 1.183214300000000003e+04
2.776700000000000002e-02 1.338740300000000025e+04
2.950099999999999945e-02 1.513310299999999916e+04
3.123599999999999988e-02 1.688726699999999983e+04
3.297100000000000031e-02 1.882816800000000148e+04
3.470600000000000074e-02 2.077859100000000035e+04
3.644000000000000017e-02 2.291363500000000204e+04
3.817500000000000060e-02 2.505925900000000183e+04
3.991000000000000103e-02 2.738580099999999948e+04
4.164500000000000146e-02 2.972398099999999613e+04
4.337900000000000089e-02 3.224043400000000111e+04
4.511400000000000132e-02 3.476958299999999872e+04
4.684900000000000175e-02 3.747383099999999831e+04
4.858400000000000218e-02 4.019183299999999872e+04
5.031800000000000161e-02 4.308176000000000204e+04
5.205300000000000205e-02 4.598649900000000343e+04
5.378800000000000248e-02 4.906051799999999639e+04
5.552300000000000291e-02 5.215040699999999924e+04
5.725700000000000234e-02 5.540746000000000640e+04
5.899200000000000277e-02 5.867668000000000029e+04
6.072700000000000320e-02 6.211518000000000029e+04
6.246199999999999669e-02 6.556955000000000291e+04
6.419600000000000306e-02 6.918261999999999534e+04
6.593100000000000349e-02 7.281684999999999127e+04
6.766600000000000392e-02 7.660449000000000524e+04
6.940100000000000435e-02 8.041328999999999360e+04
7.113500000000000378e-02 8.438078999999999360e+04
7.287000000000000421e-02 8.836416000000000349e+04
7.460500000000000465e-02 9.250094000000000233e+04
7.634000000000000508e-02 9.665888000000000466e+04
7.807400000000000451e-02 1.009702299999999959e+05
7.980900000000000494e-02 1.052974499999999971e+05
8.154400000000000537e-02 1.097727899999999936e+05
8.327900000000000580e-02 1.142745800000000017e+05
8.501300000000000523e-02 1.189191999999999971e+05
8.674800000000000566e-02 1.235849800000000105e+05
8.848300000000000609e-02 1.283935900000000111e+05
9.021800000000000652e-02 1.332233600000000151e+05
9.195200000000000595e-02 1.381906700000000128e+05
9.368700000000000638e-02 1.431897200000000012e+05
9.542200000000000681e-02 1.483210199999999895e+05
9.715699999999999337e-02 1.534787699999999895e+05
9.889199999999999380e-02 1.587687700000000186e+05
1.006299999999999972e-01 1.640905100000000093e+05
1.023600000000000065e-01 1.695392099999999919e+05
1.040999999999999981e-01 1.750143600000000151e+05
1.058299999999999935e-01 1.806164700000000012e+05
1.075699999999999990e-01 1.862503200000000070e+05
1.092999999999999944e-01 1.920058399999999965e+05
1.110300000000000037e-01 1.977931000000000058e+05
1.127699999999999952e-01 2.037020299999999988e+05
1.145000000000000046e-01 2.096426999999999825e+05
1.162399999999999961e-01 2.156997500000000000e+05
1.179700000000000054e-01 2.217885399999999790e+05
1.197099999999999970e-01 2.279990000000000000e+05
1.214400000000000063e-01 2.342359100000000035e+05
1.231799999999999978e-01 2.405892000000000116e+05
1.249099999999999933e-01 2.469742300000000105e+05
1.266500000000000126e-01 2.534703500000000058e+05
1.283799999999999941e-01 2.600035000000000000e+05
1.301200000000000134e-01 2.666477399999999907e+05
1.318499999999999950e-01 2.733184299999999930e+05
1.335899999999999865e-01 2.801002100000000210e+05
1.353199999999999958e-01 2.869137299999999814e+05
1.370599999999999874e-01 2.938383399999999674e+05
1.387899999999999967e-01 3.007946900000000023e+05
1.405299999999999883e-01 3.078515499999999884e+05
1.422599999999999976e-01 3.149454400000000023e+05
1.439999999999999891e-01 3.221398399999999674e+05
1.457299999999999984e-01 3.293659799999999814e+05
1.474600000000000077e-01 3.366979199999999837e+05
1.491999999999999993e-01 3.440615999999999767e+05
1.509300000000000086e-01 3.515205000000000000e+05
1.526700000000000002e-01 3.590164299999999930e+05
1.544000000000000095e-01 3.666075800000000163e+05
1.561400000000000010e-01 3.742304700000000303e+05
1.578700000000000103e-01 3.819538699999999953e+05
1.596100000000000019e-01 3.897037199999999721e+05
1.613400000000000112e-01 3.975540799999999581e+05
1.630800000000000027e-01 4.054361799999999930e+05
1.648100000000000120e-01 4.134082099999999627e+05
1.665500000000000036e-01 4.214172699999999604e+05
1.682800000000000129e-01 4.295109700000000303e+05
1.700200000000000045e-01 4.376417000000000116e+05
1.717500000000000138e-01 4.458570700000000070e+05
1.734900000000000053e-01 4.541094700000000303e+05
1.752199999999999869e-01 4.624465100000000093e+05
1.769600000000000062e-01 4.708152899999999790e+05
1.786899999999999877e-01 4.792740000000000000e+05
1.804199999999999970e-01 4.877644499999999534e+05
1.821599999999999886e-01 4.963342500000000582e+05
1.838899999999999979e-01 5.049410799999999581e+05
1.856299999999999895e-01 5.136272600000000093e+05
1.873599999999999988e-01 5.223504699999999721e+05
1.890999999999999903e-01 5.311689000000000233e+05
1.908299999999999996e-01 5.400032000000000698e+05
1.925699999999999912e-01 5.488904000000000233e+05
1.943000000000000005e-01 5.578834000000000233e+05
1.960399999999999920e-01 5.668764000000000233e+05
1.977700000000000014e-01 5.759222999999999302e+05
1.995099999999999929e-01 5.850740000000000000e+05
2.012400000000000022e-01 5.942256999999999534e+05
2.029799999999999938e-01 6.034831999999999534e+05
2.047100000000000031e-01 6.127407000000000698e+05
2.064499999999999946e-01 6.220510999999999767e+05
2.081800000000000039e-01 6.314673000000000466e+05
2.099199999999999955e-01 6.408835000000000000e+05
2.116500000000000048e-01 6.503525999999999767e+05
2.133899999999999963e-01 6.599275000000000000e+05
2.151200000000000057e-01 6.695024000000000233e+05
2.168499999999999872e-01 6.791301999999999534e+05
2.185900000000000065e-01 6.888108999999999069e+05
2.203199999999999881e-01 6.985445000000000000e+05
2.220600000000000074e-01 7.083310000000000000e+05
2.237899999999999889e-01 7.181703999999999069e+05
2.255300000000000082e-01 7.280627000000000698e+05
2.272599999999999898e-01 7.380079000000000233e+05
2.290000000000000091e-01 7.479530999999999767e+05
2.307299999999999907e-01 7.580040999999999767e+05
2.324700000000000100e-01 7.680551000000000931e+05
2.341999999999999915e-01 7.781590000000000000e+05
2.359400000000000108e-01 7.883158000000000466e+05
2.376699999999999924e-01 7.985255000000000000e+05
2.394100000000000117e-01 8.087351999999999534e+05
2.411399999999999932e-01 8.190506999999999534e+05
2.428800000000000125e-01 8.293662000000000698e+05
2.446099999999999941e-01 8.397875000000000000e+05
2.463500000000000134e-01 8.502088000000000466e+05
2.480799999999999950e-01 8.606300999999999767e+05
2.498199999999999865e-01 8.711571999999999534e+05
2.515499999999999958e-01 8.816843000000000466e+05
2.532800000000000051e-01 8.923171999999999534e+05
2.550200000000000244e-01 9.029501000000000931e+05
2.567499999999999782e-01 9.135830000000000000e+05
2.584899999999999975e-01 9.243216999999999534e+05
2.602200000000000069e-01 9.350604000000000233e+05
2.619600000000000262e-01 9.458519999999998836e+05
2.636899999999999800e-01 9.566965000000000000e+05
2.654299999999999993e-01 9.675938999999999069e+05
2.671600000000000086e-01 9.784384000000000233e+05
2.688999999999999724e-01 9.893886999999999534e+05
2.706299999999999817e-01 1.000391900000000023e+06
2.723700000000000010e-01 1.011448000000000000e+06
2.741000000000000103e-01 1.022451200000000070e+06
2.758399999999999741e-01 1.033560199999999953e+06
2.775699999999999834e-01 1.044722099999999977e+06
2.793100000000000027e-01 1.055831099999999860e+06
2.810400000000000120e-01 1.067045899999999907e+06
2.827799999999999758e-01 1.078260699999999953e+06
2.845099999999999851e-01 1.089528399999999907e+06
2.862500000000000044e-01 1.100796100000000093e+06
2.879800000000000137e-01 1.112169600000000093e+06
2.897100000000000231e-01 1.123543099999999860e+06
2.914499999999999869e-01 1.134969500000000000e+06
2.931799999999999962e-01 1.146395900000000140e+06
2.949200000000000155e-01 1.157822300000000047e+06
2.966500000000000248e-01 1.169301599999999860e+06
2.983899999999999886e-01 1.180886699999999953e+06
3.001199999999999979e-01 1.192418899999999907e+06
3.018600000000000172e-01 1.204004000000000000e+06
3.035900000000000265e-01 1.215642000000000000e+06
3.053299999999999903e-01 1.227280000000000000e+06
3.070599999999999996e-01 1.238970899999999907e+06
3.088000000000000189e-01 1.250661800000000047e+06
3.105299999999999727e-01 1.262405599999999860e+06
3.122699999999999920e-01 1.274149399999999907e+06
3.140000000000000013e-01 1.285946100000000093e+06
3.157400000000000206e-01 1.297742800000000047e+06
3.174699999999999744e-01 1.309592399999999907e+06
3.192099999999999937e-01 1.321494899999999907e+06
3.209400000000000031e-01 1.333397400000000140e+06
3.226700000000000124e-01 1.345352800000000047e+06
3.244099999999999762e-01 1.357255300000000047e+06
3.261399999999999855e-01 1.369263600000000093e+06
3.278800000000000048e-01 1.381219000000000000e+06
3.296100000000000141e-01 1.393280199999999953e+06
3.313499999999999779e-01 1.405341400000000140e+06
3.330799999999999872e-01 1.417402600000000093e+06
3.348200000000000065e-01 1.429516700000000186e+06
3.365500000000000158e-01 1.441630799999999814e+06
3.382899999999999796e-01 1.453744899999999907e+06
3.400199999999999889e-01 1.465911900000000140e+06
3.417600000000000082e-01 1.478131800000000047e+06
3.434900000000000175e-01 1.490351699999999953e+06
3.452299999999999813e-01 1.502571600000000093e+06
3.469599999999999906e-01 1.514844399999999907e+06
3.487000000000000099e-01 1.527064299999999814e+06
3.504300000000000193e-01 1.539390000000000000e+06
3.521699999999999831e-01 1.551715699999999953e+06
3.538999999999999924e-01 1.564041399999999907e+06
3.556400000000000117e-01 1.576367099999999860e+06
3.573700000000000210e-01 1.588745699999999953e+06
3.590999999999999748e-01 1.601177199999999953e+06
3.608399999999999941e-01 1.613555800000000047e+06
3.625700000000000034e-01 1.625987299999999814e+06
3.643100000000000227e-01 1.638418800000000047e+06
3.660399999999999765e-01 1.650850300000000047e+06
3.677799999999999958e-01 1.663334699999999953e+06
3.695100000000000051e-01 1.675819100000000093e+06
3.712500000000000244e-01 1.688356399999999907e+06
3.729799999999999782e-01 1.700893699999999953e+06
3.747199999999999975e-01 1.713431000000000000e+06
3.764500000000000068e-01 1.726021200000000186e+06
3.781900000000000261e-01 1.738558500000000000e+06
3.799199999999999799e-01 1.751148699999999953e+06
3.816599999999999993e-01 1.763738899999999907e+06
3.833900000000000086e-01 1.776329099999999860e+06
3.851299999999999724e-01 1.788972199999999953e+06
3.868599999999999817e-01 1.801615299999999814e+06
3.886000000000000010e-01 1.814258399999999907e+06
3.903300000000000103e-01 1.826954399999999907e+06
3.920699999999999741e-01 1.839650400000000140e+06
3.937999999999999834e-01 1.852346400000000140e+06
3.955299999999999927e-01 1.865042399999999907e+06
3.972700000000000120e-01 1.877738399999999907e+06
3.990000000000000213e-01 1.890434400000000140e+06
4.007399999999999851e-01 1.903183299999999814e+06
4.024699999999999944e-01 1.915932199999999953e+06
4.042100000000000137e-01 1.928681100000000093e+06
4.059400000000000230e-01 1.941482899999999907e+06
4.076799999999999868e-01 1.954231800000000047e+06
4.094099999999999961e-01 1.966980699999999953e+06
4.111500000000000155e-01 1.979782500000000233e+06
4.128800000000000248e-01 1.992584300000000047e+06
4.146199999999999886e-01 2.005386099999999860e+06
4.163499999999999979e-01 2.018187900000000140e+06
4.180900000000000172e-01 2.030989699999999953e+06
4.198200000000000265e-01 2.043844399999999907e+06
4.215599999999999903e-01 2.056699100000000093e+06
4.232899999999999996e-01 2.069500899999999907e+06
4.250300000000000189e-01 2.082355599999999860e+06
4.267599999999999727e-01 2.095210299999999814e+06
4.284899999999999820e-01 2.108065000000000000e+06
4.302300000000000013e-01 2.120919700000000186e+06
4.319600000000000106e-01 2.133774399999999907e+06
4.336999999999999744e-01 2.146682000000000000e+06
4.354299999999999837e-01 2.159536699999999721e+06
4.371700000000000030e-01 2.172391399999999907e+06
4.389000000000000123e-01 2.185299000000000000e+06
4.406399999999999761e-01 2.198153700000000186e+06
4.423699999999999855e-01 2.211061299999999814e+06
4.441100000000000048e-01 2.223916000000000000e+06
4.458400000000000141e-01 2.236823600000000093e+06
4.475799999999999779e-01 2.249678299999999814e+06
4.493099999999999872e-01 2.262585899999999907e+06
4.510500000000000065e-01 2.275493500000000000e+06
4.527800000000000158e-01 2.288401100000000093e+06
4.545199999999999796e-01 2.301255800000000279e+06
4.562499999999999889e-01 2.314163399999999907e+06
4.579900000000000082e-01 2.327071000000000000e+06
4.597200000000000175e-01 2.339978600000000093e+06
4.614599999999999813e-01 2.352833299999999814e+06
4.631899999999999906e-01 2.365740899999999907e+06
4.649199999999999999e-01 2.378648500000000000e+06
4.666600000000000192e-01 2.391556100000000093e+06
4.683899999999999730e-01 2.404410799999999814e+06
4.701299999999999923e-01 2.417318399999999907e+06
4.718600000000000017e-01 2.430173100000000093e+06
4.736000000000000210e-01 2.443080700000000186e+06
4.753299999999999748e-01 2.455935399999999907e+06
4.770699999999999941e-01 2.468790100000000093e+06
4.788000000000000034e-01 2.481644799999999814e+06
4.805400000000000227e-01 2.494552399999999907e+06
4.822699999999999765e-01 2.507407100000000093e+06
4.840099999999999958e-01 2.520261800000000279e+06
4.857400000000000051e-01 2.533116500000000000e+06
4.874800000000000244e-01 2.545971199999999721e+06
4.892099999999999782e-01 2.558773000000000000e+06
4.909499999999999975e-01 2.571627700000000186e+06
4.926800000000000068e-01 2.584482399999999907e+06
4.944200000000000261e-01 2.597337100000000093e+06
4.961499999999999799e-01 2.610138899999999907e+06
4.978899999999999992e-01 2.622940700000000186e+06
4.996200000000000085e-01 2.635742500000000000e+06
5.013499999999999623e-01 2.648544299999999814e+06
5.030900000000000372e-01 2.661293199999999721e+06
5.048200000000000465e-01 2.674094999999999534e+06
5.065600000000000103e-01 2.686843899999999907e+06
5.082900000000000196e-01 2.699645699999999721e+06
5.100299999999999834e-01 2.712394599999999627e+06
5.117599999999999927e-01 2.725143500000000000e+06
5.134999999999999565e-01 2.737839499999999534e+06
5.152299999999999658e-01 2.750588399999999907e+06
5.169700000000000406e-01 2.763284400000000373e+06
5.187000000000000499e-01 2.775980399999999907e+06
5.204400000000000137e-01 2.788729300000000279e+06
5.221700000000000230e-01 2.801425299999999814e+06
5.239099999999999868e-01 2.814068399999999907e+06
5.256399999999999961e-01 2.826711500000000000e+06
5.273799999999999599e-01 2.839407499999999534e+06
5.291099999999999692e-01 2.852050599999999627e+06
5.308500000000000441e-01 2.864640799999999814e+06
5.325800000000000534e-01 2.877231000000000466e+06
5.343099999999999516e-01 2.889874100000000093e+06
5.360500000000000265e-01 2.902464299999999814e+06
5.377800000000000358e-01 2.915001600000000093e+06
5.395199999999999996e-01 2.927538899999999907e+06
5.412500000000000089e-01 2.940129100000000093e+06
5.429899999999999727e-01 2.952666399999999907e+06
5.447199999999999820e-01 2.965150800000000279e+06
5.464599999999999458e-01 2.977635200000000186e+06
5.481899999999999551e-01 2.990172500000000000e+06
5.499300000000000299e-01 3.002656899999999907e+06
5.516600000000000392e-01 3.015088399999999907e+06
5.534000000000000030e-01 3.027519899999999907e+06
5.551300000000000123e-01 3.039951399999999907e+06
5.568699999999999761e-01 3.052382899999999907e+06
5.585999999999999854e-01 3.064761500000000000e+06
5.603399999999999492e-01 3.077140100000000093e+06
5.620699999999999585e-01 3.089465799999999814e+06
5.638100000000000334e-01 3.101844399999999907e+06
5.655400000000000427e-01 3.114170100000000093e+06
5.672800000000000065e-01 3.126495799999999814e+06
5.690100000000000158e-01 3.138768600000000093e+06
5.707400000000000251e-01 3.150988500000000000e+06
5.724799999999999889e-01 3.163261299999999814e+06
5.742099999999999982e-01 3.175534100000000093e+06
5.759499999999999620e-01 3.187701099999999627e+06
5.776799999999999713e-01 3.199921000000000000e+06
5.794200000000000461e-01 3.212088000000000000e+06
5.811500000000000554e-01 3.224255000000000000e+06
5.828900000000000192e-01 3.236369099999999627e+06
5.846200000000000285e-01 3.248483199999999721e+06
5.863599999999999923e-01 3.260597299999999814e+06
5.880900000000000016e-01 3.272658500000000000e+06
5.898299999999999654e-01 3.284719699999999721e+06
5.915599999999999747e-01 3.296728000000000000e+06
5.933000000000000496e-01 3.308736299999999814e+06
5.950299999999999478e-01 3.320744599999999627e+06
5.967700000000000227e-01 3.332700000000000000e+06
5.985000000000000320e-01 3.344655400000000373e+06
6.002399999999999958e-01 3.356557899999999907e+06
6.019700000000000051e-01 3.368460399999999907e+06
6.037099999999999689e-01 3.380310000000000000e+06
6.054399999999999782e-01 3.392212500000000000e+06
6.071699999999999875e-01 3.404009200000000186e+06
6.089099999999999513e-01 3.415805899999999907e+06
6.106399999999999606e-01 3.427602599999999627e+06
6.123800000000000354e-01 3.439346399999999907e+06
6.141100000000000447e-01 3.451090199999999721e+06
6.158500000000000085e-01 3.462834000000000000e+06
6.175800000000000178e-01 3.474472000000000466e+06
6.193199999999999816e-01 3.486110000000000000e+06
6.210499999999999909e-01 3.497748000000000000e+06
6.227899999999999547e-01 3.509386000000000000e+06
6.245199999999999640e-01 3.520971100000000093e+06
6.262600000000000389e-01 3.532503299999999814e+06
6.279900000000000482e-01 3.544035500000000466e+06
6.297300000000000120e-01 3.555567700000000186e+06
6.314600000000000213e-01 3.567047000000000000e+06
6.331999999999999851e-01 3.578473399999999907e+06
6.349299999999999944e-01 3.589899799999999814e+06
6.366699999999999582e-01 3.601273299999999814e+06
6.383999999999999675e-01 3.612646799999999814e+06
6.401299999999999768e-01 3.623967399999999907e+06
6.418700000000000516e-01 3.635288000000000000e+06
6.435999999999999499e-01 3.646608599999999627e+06
6.453400000000000247e-01 3.657823399999999907e+06
6.470700000000000340e-01 3.669091100000000093e+06
6.488099999999999978e-01 3.680253000000000000e+06
6.505400000000000071e-01 3.691467799999999814e+06
6.522799999999999709e-01 3.702576799999999814e+06
6.540099999999999802e-01 3.713685799999999814e+06
6.557500000000000551e-01 3.724741899999999907e+06
6.574799999999999534e-01 3.735798000000000466e+06
6.592200000000000282e-01 3.746801200000000186e+06
6.609500000000000375e-01 3.757804399999999907e+06
6.626900000000000013e-01 3.768754700000000186e+06
6.644200000000000106e-01 3.779652099999999627e+06
6.661599999999999744e-01 3.790549500000000000e+06
6.678899999999999837e-01 3.801446899999999907e+06
6.696299999999999475e-01 3.812291399999999907e+06
6.713599999999999568e-01 3.823083000000000000e+06
6.731000000000000316e-01 3.833821699999999721e+06
6.748300000000000409e-01 3.844560399999999907e+06
6.765600000000000502e-01 3.855246199999999721e+06
6.783000000000000140e-01 3.865932000000000000e+06
6.800300000000000233e-01 3.876564899999999907e+06
6.817699999999999871e-01 3.887197800000000279e+06
6.834999999999999964e-01 3.897777800000000279e+06
6.852399999999999602e-01 3.908304899999999907e+06
6.869699999999999696e-01 3.918832000000000000e+06
6.887100000000000444e-01 3.929306200000000186e+06
6.904400000000000537e-01 3.939727500000000000e+06
6.921800000000000175e-01 3.950095899999999907e+06
6.939100000000000268e-01 3.960464299999999814e+06
6.956499999999999906e-01 3.970832700000000186e+06
6.973799999999999999e-01 3.981095299999999814e+06
6.991199999999999637e-01 3.991357899999999907e+06
7.008499999999999730e-01 4.001620499999999534e+06
7.025900000000000478e-01 4.011777299999999814e+06
7.043199999999999461e-01 4.021934100000000093e+06
7.060600000000000209e-01 4.032090900000000373e+06
7.077900000000000302e-01 4.042141899999999907e+06
7.095299999999999940e-01 4.052245800000000279e+06
7.112600000000000033e-01 4.062243899999999907e+06
7.129900000000000126e-01 4.072242000000000000e+06
7.147299999999999764e-01 4.082187200000000186e+06
7.164599999999999858e-01 4.092079500000000000e+06
7.181999999999999496e-01 4.101918900000000373e+06
7.199299999999999589e-01 4.111758300000000279e+06
7.216700000000000337e-01 4.121544800000000279e+06
7.234000000000000430e-01 4.131331300000000279e+06
7.251400000000000068e-01 4.141012000000000466e+06
7.268700000000000161e-01 4.150692700000000186e+06
7.286099999999999799e-01 4.160320500000000000e+06
7.303399999999999892e-01 4.169948300000000279e+06
7.320799999999999530e-01 4.179470300000000279e+06
7.338099999999999623e-01 4.188992299999999814e+06
7.355500000000000371e-01 4.198514299999999814e+06
7.372800000000000464e-01 4.207983399999999441e+06
7.390200000000000102e-01 4.217346700000000186e+06
7.407500000000000195e-01 4.226710000000000000e+06
7.424899999999999833e-01 4.236020400000000373e+06
7.442199999999999926e-01 4.245330799999999814e+06
7.459599999999999564e-01 4.254588299999999814e+06
7.476899999999999658e-01 4.263792900000000373e+06
7.494199999999999751e-01 4.272944599999999627e+06
7.511600000000000499e-01 4.282096299999999814e+06
7.528899999999999482e-01 4.291195099999999627e+06
7.546300000000000230e-01 4.300241000000000000e+06
7.563600000000000323e-01 4.309234000000000000e+06
7.580999999999999961e-01 4.318174099999999627e+06
7.598300000000000054e-01 4.327114200000000186e+06
7.615699999999999692e-01 4.336001400000000373e+06
7.632999999999999785e-01 4.344835700000000186e+06
7.650400000000000533e-01 4.353617099999999627e+06
7.667699999999999516e-01 4.362345600000000559e+06
7.685100000000000264e-01 4.371074099999999627e+06
7.702400000000000357e-01 4.379749700000000186e+06
7.719799999999999995e-01 4.388372399999999441e+06
7.737100000000000088e-01 4.396942200000000186e+06
7.754499999999999726e-01 4.405512000000000000e+06
7.771799999999999820e-01 4.413976000000000000e+06
7.789199999999999458e-01 4.422440000000000000e+06
7.806499999999999551e-01 4.430851099999999627e+06
7.823799999999999644e-01 4.439262200000000186e+06
7.841200000000000392e-01 4.447567500000000000e+06
7.858500000000000485e-01 4.455872799999999814e+06
7.875900000000000123e-01 4.464072299999999814e+06
7.893200000000000216e-01 4.472271799999999814e+06
7.910599999999999854e-01 4.480418400000000373e+06
7.927899999999999947e-01 4.488512099999999627e+06
7.945299999999999585e-01 4.496552900000000373e+06
7.962599999999999678e-01 4.504593700000000186e+06
7.980000000000000426e-01 4.512581600000000559e+06
7.997300000000000519e-01 4.520463700000000186e+06
8.014700000000000157e-01 4.528345799999999814e+06
8.032000000000000250e-01 4.536175000000000000e+06
8.049399999999999888e-01 4.543951299999999814e+06
8.066699999999999982e-01 4.551727599999999627e+06
8.084099999999999620e-01 4.559398100000000559e+06
8.101399999999999713e-01 4.567068599999999627e+06
8.118800000000000461e-01 4.574633299999999814e+06
8.136100000000000554e-01 4.582198000000000000e+06
8.153500000000000192e-01 4.589709799999999814e+06
8.170800000000000285e-01 4.597168700000000186e+06
8.188100000000000378e-01 4.604627599999999627e+06
8.205500000000000016e-01 4.611980700000000186e+06
8.222800000000000109e-01 4.619333799999999814e+06
8.240199999999999747e-01 4.626581099999999627e+06
8.257499999999999840e-01 4.633828399999999441e+06
8.274899999999999478e-01 4.640969900000000373e+06
8.292199999999999571e-01 4.648111400000000373e+06
8.309600000000000319e-01 4.655200000000000000e+06
8.326900000000000412e-01 4.662235699999999255e+06
8.344300000000000050e-01 4.669218500000000000e+06
8.361600000000000144e-01 4.676148399999999441e+06
8.378999999999999782e-01 4.683078299999999814e+06
8.396299999999999875e-01 4.689955299999999814e+06
8.413699999999999513e-01 4.696726500000000000e+06
8.430999999999999606e-01 4.703497700000000186e+06
8.448400000000000354e-01 4.710163099999999627e+06
8.465700000000000447e-01 4.716828500000000000e+06
8.483100000000000085e-01 4.723388099999999627e+06
8.500400000000000178e-01 4.729947700000000186e+06
8.517799999999999816e-01 4.736454400000000373e+06
8.535099999999999909e-01 4.742961099999999627e+06
8.552400000000000002e-01 4.749362000000000000e+06
8.569799999999999640e-01 4.755710000000000000e+06
8.587099999999999733e-01 4.762005100000000559e+06
8.604500000000000481e-01 4.768247299999999814e+06
8.621799999999999464e-01 4.774436599999999627e+06
8.639200000000000212e-01 4.780625900000000373e+06
8.656500000000000306e-01 4.786709400000000373e+06
8.673899999999999944e-01 4.792792899999999441e+06
8.691200000000000037e-01 4.798770599999999627e+06
8.708599999999999675e-01 4.804695399999999441e+06
8.725899999999999768e-01 4.810620200000000186e+06
8.743300000000000516e-01 4.816492100000000559e+06
8.760599999999999499e-01 4.822258199999999255e+06
8.778000000000000247e-01 4.828024299999999814e+06
8.795300000000000340e-01 4.833737500000000000e+06
8.812699999999999978e-01 4.839344900000000373e+06
8.830000000000000071e-01 4.844952299999999814e+06
8.847399999999999709e-01 4.850506799999999814e+06
8.864699999999999802e-01 4.855955500000000000e+06
8.881999999999999895e-01 4.861404200000000186e+06
8.899399999999999533e-01 4.866800000000000000e+06
8.916699999999999626e-01 4.872142900000000373e+06
8.934100000000000374e-01 4.877380000000000000e+06
8.951400000000000468e-01 4.882617099999999627e+06
8.968800000000000106e-01 4.887801299999999814e+06
8.986100000000000199e-01 4.892932599999999627e+06
9.003499999999999837e-01 4.898011000000000000e+06
9.020799999999999930e-01 4.903036500000000000e+06
9.038199999999999568e-01 4.908009099999999627e+06
9.055499999999999661e-01 4.912928799999999814e+06
9.072900000000000409e-01 4.917795600000000559e+06
9.090200000000000502e-01 4.922556600000000559e+06
9.107600000000000140e-01 4.927317600000000559e+06
9.124900000000000233e-01 4.932025700000000186e+06
9.142299999999999871e-01 4.936680900000000373e+06
9.159599999999999964e-01 4.941283200000000186e+06
9.176999999999999602e-01 4.945779700000000186e+06
9.194299999999999695e-01 4.950276199999999255e+06
9.211700000000000443e-01 4.954719799999999814e+06
9.229000000000000536e-01 4.959110500000000000e+06
9.246299999999999519e-01 4.963395400000000373e+06
9.263700000000000268e-01 4.967680299999999814e+06
9.281000000000000361e-01 4.971859400000000373e+06
9.298399999999999999e-01 4.976038500000000000e+06
9.315700000000000092e-01 4.980164700000000186e+06
9.333099999999999730e-01 4.984185099999999627e+06
9.350399999999999823e-01 4.988205500000000000e+06
9.367799999999999461e-01 4.992173000000000000e+06
9.385099999999999554e-01 4.996034700000000186e+06
9.402500000000000302e-01 4.999896400000000373e+06
9.419800000000000395e-01 5.003652299999999814e+06
9.437200000000000033e-01 5.007355299999999814e+06
9.454500000000000126e-01 5.011005400000000373e+06
9.471899999999999764e-01 5.014602599999999627e+06
9.489199999999999857e-01 5.018199799999999814e+06
9.506599999999999495e-01 5.021691200000000186e+06
9.523899999999999588e-01 5.025129700000000186e+06
9.541300000000000336e-01 5.028515299999999814e+06
9.558600000000000430e-01 5.031848000000000000e+06
9.576000000000000068e-01 5.035127799999999814e+06
9.593300000000000161e-01 5.038354700000000186e+06
9.610600000000000254e-01 5.041528700000000186e+06
9.627999999999999892e-01 5.044596899999999441e+06
9.645299999999999985e-01 5.047665099999999627e+06
9.662699999999999623e-01 5.050680400000000373e+06
9.679999999999999716e-01 5.053642799999999814e+06
9.697400000000000464e-01 5.056499400000000373e+06
9.714699999999999447e-01 5.059356000000000000e+06
9.732100000000000195e-01 5.062053900000000373e+06
9.749400000000000288e-01 5.064804700000000186e+06
9.766799999999999926e-01 5.067396799999999814e+06
9.784100000000000019e-01 5.070041799999999814e+06
9.801499999999999657e-01 5.072581000000000000e+06
9.818799999999999750e-01 5.075120200000000186e+06
9.836200000000000498e-01 5.077500700000000186e+06
9.853499999999999481e-01 5.079881200000000186e+06
9.870900000000000230e-01 5.082208799999999814e+06
9.888200000000000323e-01 5.084483500000000000e+06
9.905599999999999961e-01 5.086652399999999441e+06
9.922900000000000054e-01 5.088821299999999814e+06
9.940200000000000147e-01 5.090884400000000373e+06
9.957599999999999785e-01 5.092894600000000559e+06
9.974899999999999878e-01 5.094851900000000373e+06
9.992299999999999516e-01 5.096809200000000186e+06
1.000999999999999890e+00 5.098660700000000186e+06
1.002699999999999925e+00 5.100459299999999814e+06
1.004399999999999959e+00 5.102205000000000000e+06
1.006199999999999983e+00 5.103897799999999814e+06
1.007900000000000018e+00 5.105484799999999814e+06
1.009600000000000053e+00 5.107071799999999814e+06
1.011400000000000077e+00 5.108553000000000000e+06
1.013099999999999890e+00 5.109981299999999814e+06
1.014799999999999924e+00 5.111356700000000186e+06
1.016599999999999948e+00 5.112679200000000186e+06
1.018299999999999983e+00 5.114001700000000186e+06
1.020000000000000018e+00 5.115218400000000373e+06
1.021800000000000042e+00 5.116382200000000186e+06
1.023500000000000076e+00 5.117493099999999627e+06
1.025300000000000100e+00 5.118498200000000186e+06
1.026999999999999913e+00 5.119503299999999814e+06
1.028699999999999948e+00 5.120402600000000559e+06
1.030499999999999972e+00 5.121301900000000373e+06
1.032200000000000006e+00 5.122042500000000000e+06
1.033900000000000041e+00 5.122783099999999627e+06
1.035700000000000065e+00 5.123523700000000186e+06
1.037400000000000100e+00 5.124158500000000000e+06
1.039099999999999913e+00 5.124740399999999441e+06
1.040899999999999936e+00 5.125269400000000373e+06
1.042599999999999971e+00 5.125692600000000559e+06
1.044300000000000006e+00 5.126062900000000373e+06
1.046100000000000030e+00 5.126380299999999814e+06
1.047800000000000065e+00 5.126697700000000186e+06
1.049500000000000099e+00 5.126909299999999814e+06
1.051299999999999901e+00 5.127068000000000000e+06
1.052999999999999936e+00 5.127120900000000373e+06
1.054699999999999971e+00 5.127173799999999814e+06
1.056499999999999995e+00 5.127120900000000373e+06
1.058200000000000029e+00 5.127068000000000000e+06
1.059900000000000064e+00 5.126909299999999814e+06
1.061700000000000088e+00 5.126750599999999627e+06
1.063399999999999901e+00 5.126486099999999627e+06
1.065099999999999936e+00 5.126168699999999255e+06
1.066899999999999959e+00 5.125745500000000000e+06
1.068599999999999994e+00 5.125375200000000186e+06
1.070400000000000018e+00 5.124846200000000186e+06
1.072100000000000053e+00 5.124264299999999814e+06
1.073800000000000088e+00 5.123629500000000000e+06
1.075599999999999890e+00 5.122994700000000186e+06
1.077299999999999924e+00 5.122201200000000186e+06
1.078999999999999959e+00 5.121460599999999627e+06
1.080799999999999983e+00 5.120561299999999814e+06
1.082500000000000018e+00 5.119662000000000000e+06
1.084200000000000053e+00 5.118656899999999441e+06
1.086000000000000076e+00 5.117651799999999814e+06
1.087699999999999889e+00 5.116540900000000373e+06
1.089399999999999924e+00 5.115377099999999627e+06
1.091199999999999948e+00 5.114160399999999441e+06
1.092899999999999983e+00 5.112890799999999814e+06
1.094600000000000017e+00 5.111515400000000373e+06
1.096400000000000041e+00 5.110140000000000000e+06
1.098100000000000076e+00 5.108658799999999814e+06
1.099800000000000111e+00 5.107177599999999627e+06
1.101599999999999913e+00 5.105590599999999627e+06
1.103299999999999947e+00 5.104003600000000559e+06
1.104999999999999982e+00 5.102205000000000000e+06
1.106800000000000006e+00 5.100406400000000373e+06
1.108500000000000041e+00 5.098607799999999814e+06
1.110300000000000065e+00 5.096756299999999814e+06
1.112000000000000099e+00 5.094799000000000000e+06
1.113699999999999912e+00 5.092788799999999814e+06
1.115499999999999936e+00 5.090725700000000186e+06
1.117199999999999971e+00 5.088662599999999627e+06
1.118900000000000006e+00 5.086440799999999814e+06
1.120700000000000029e+00 5.084219000000000000e+06
1.122400000000000064e+00 5.081838500000000000e+06
1.124100000000000099e+00 5.079458000000000000e+06
1.125899999999999901e+00 5.077024600000000559e+06
1.127599999999999936e+00 5.074538299999999814e+06
1.129299999999999971e+00 5.071999100000000559e+06
1.131099999999999994e+00 5.069459900000000373e+06
1.132800000000000029e+00 5.066762000000000000e+06
1.134500000000000064e+00 5.064064099999999627e+06
1.136300000000000088e+00 5.061260400000000373e+06
1.137999999999999901e+00 5.058456700000000186e+06
1.139699999999999935e+00 5.055441399999999441e+06
1.141499999999999959e+00 5.052426099999999627e+06
1.143199999999999994e+00 5.049410799999999814e+06
1.144900000000000029e+00 5.046342599999999627e+06
1.146700000000000053e+00 5.043168599999999627e+06
1.148400000000000087e+00 5.039994600000000559e+06
1.150199999999999889e+00 5.036714799999999814e+06
1.151899999999999924e+00 5.033382099999999627e+06
1.153599999999999959e+00 5.029996500000000000e+06
1.155399999999999983e+00 5.026610900000000373e+06
1.157100000000000017e+00 5.022960799999999814e+06
1.158800000000000052e+00 5.019310700000000186e+06
1.160600000000000076e+00 5.015660599999999627e+06
1.162300000000000111e+00 5.012010500000000000e+06
1.163999999999999924e+00 5.008254600000000559e+06
1.165799999999999947e+00 5.004445799999999814e+06
1.167499999999999982e+00 5.000584099999999627e+06
1.169200000000000017e+00 4.996669500000000000e+06
1.171000000000000041e+00 4.992649100000000559e+06
1.172700000000000076e+00 4.988628700000000186e+06
1.174400000000000110e+00 4.984396700000000186e+06
1.176199999999999912e+00 4.980111799999999814e+06
1.177899999999999947e+00 4.975879799999999814e+06
1.179599999999999982e+00 4.971647799999999814e+06
1.181400000000000006e+00 4.967257099999999627e+06
1.183100000000000041e+00 4.962866400000000373e+06
1.184800000000000075e+00 4.958369899999999441e+06
1.186600000000000099e+00 4.953873399999999441e+06
1.188299999999999912e+00 4.949271100000000559e+06
1.190099999999999936e+00 4.944615900000000373e+06
1.191799999999999971e+00 4.939802000000000000e+06
1.193500000000000005e+00 4.934882299999999814e+06
1.195300000000000029e+00 4.930015500000000000e+06
1.197000000000000064e+00 4.925148700000000186e+06
1.198700000000000099e+00 4.920176099999999627e+06
1.200499999999999901e+00 4.915203500000000000e+06
1.202199999999999935e+00 4.910072200000000186e+06
1.203899999999999970e+00 4.904940899999999441e+06
1.205699999999999994e+00 4.899756700000000186e+06
1.207400000000000029e+00 4.894519599999999627e+06
1.209100000000000064e+00 4.889070899999999441e+06
1.210900000000000087e+00 4.883569299999999814e+06
1.212599999999999900e+00 4.878067700000000186e+06
1.214299999999999935e+00 4.872619000000000000e+06
1.216099999999999959e+00 4.867011599999999627e+06
1.217799999999999994e+00 4.861404200000000186e+06
1.219500000000000028e+00 4.855691000000000000e+06
1.221300000000000052e+00 4.850030700000000186e+06
1.223000000000000087e+00 4.844211700000000186e+06
1.224699999999999900e+00 4.838339799999999814e+06
1.226499999999999924e+00 4.832256299999999814e+06
1.228199999999999958e+00 4.826119899999999441e+06
1.229999999999999982e+00 4.820036399999999441e+06
1.231700000000000017e+00 4.813952900000000373e+06
1.233400000000000052e+00 4.807763599999999627e+06
1.235200000000000076e+00 4.801574299999999814e+06
1.236900000000000110e+00 4.795279200000000186e+06
1.238599999999999923e+00 4.788984100000000559e+06
1.240399999999999947e+00 4.782530299999999814e+06
1.242099999999999982e+00 4.776076500000000000e+06
1.243800000000000017e+00 4.769411099999999627e+06
1.245600000000000041e+00 4.762639900000000373e+06
1.247300000000000075e+00 4.755974500000000000e+06
1.249000000000000110e+00 4.749309099999999627e+06
1.250799999999999912e+00 4.742537900000000373e+06
1.252499999999999947e+00 4.735713799999999814e+06
1.254199999999999982e+00 4.728836799999999814e+06
1.256000000000000005e+00 4.721959799999999814e+06
1.257700000000000040e+00 4.714924100000000559e+06
1.259400000000000075e+00 4.707835500000000000e+06
1.261200000000000099e+00 4.700535299999999814e+06
1.262899999999999912e+00 4.693182200000000186e+06
1.264599999999999946e+00 4.685934900000000373e+06
1.266399999999999970e+00 4.678634700000000186e+06
1.268100000000000005e+00 4.671228700000000186e+06
1.269900000000000029e+00 4.663822700000000186e+06
1.271600000000000064e+00 4.656363799999999814e+06
1.273300000000000098e+00 4.648852000000000000e+06
1.275099999999999900e+00 4.641234400000000373e+06
1.276799999999999935e+00 4.633563899999999441e+06
1.278499999999999970e+00 4.625681799999999814e+06
1.280299999999999994e+00 4.617746799999999814e+06
1.282000000000000028e+00 4.609811799999999814e+06
1.283700000000000063e+00 4.601929700000000186e+06
1.285500000000000087e+00 4.593941799999999814e+06
1.287199999999999900e+00 4.585953899999999441e+06
1.288899999999999935e+00 4.577860200000000186e+06
1.290699999999999958e+00 4.569766500000000000e+06
1.292399999999999993e+00 4.561567000000000000e+06
1.294100000000000028e+00 4.553314599999999627e+06
1.295900000000000052e+00 4.544850599999999627e+06
1.297600000000000087e+00 4.536280799999999814e+06
1.299299999999999899e+00 4.527763899999999441e+06
1.301099999999999923e+00 4.519299900000000373e+06
1.302799999999999958e+00 4.510730099999999627e+06
1.304499999999999993e+00 4.502160299999999814e+06
1.306300000000000017e+00 4.493484700000000186e+06
1.308000000000000052e+00 4.484756200000000186e+06
1.309800000000000075e+00 4.475974799999999814e+06
1.311500000000000110e+00 4.467140500000000000e+06
1.313199999999999923e+00 4.458094600000000559e+06
1.314999999999999947e+00 4.448890000000000000e+06
1.316699999999999982e+00 4.439791200000000186e+06
1.318400000000000016e+00 4.430692399999999441e+06
1.320200000000000040e+00 4.421540700000000186e+06
1.321900000000000075e+00 4.412389000000000000e+06
1.323600000000000110e+00 4.403131500000000000e+06
1.325399999999999912e+00 4.393821100000000559e+06
1.327099999999999946e+00 4.384457799999999814e+06
1.328799999999999981e+00 4.375041599999999627e+06
1.330600000000000005e+00 4.365360900000000373e+06
1.332300000000000040e+00 4.355521500000000000e+06
1.334000000000000075e+00 4.345840799999999814e+06
1.335800000000000098e+00 4.336213000000000000e+06
1.337499999999999911e+00 4.326479400000000373e+06
1.339199999999999946e+00 4.316692900000000373e+06
1.340999999999999970e+00 4.306853500000000000e+06
1.342700000000000005e+00 4.296961200000000186e+06
1.344400000000000039e+00 4.287016000000000000e+06
1.346200000000000063e+00 4.277017899999999441e+06
1.347900000000000098e+00 4.266755299999999814e+06
1.349599999999999911e+00 4.256334000000000000e+06
1.351399999999999935e+00 4.246071400000000373e+06
1.353099999999999969e+00 4.235861700000000186e+06
1.354899999999999993e+00 4.225546200000000186e+06
1.356600000000000028e+00 4.215177799999999814e+06
1.358300000000000063e+00 4.204756500000000000e+06
1.360100000000000087e+00 4.194282299999999814e+06
1.361799999999999899e+00 4.183755200000000186e+06
1.363499999999999934e+00 4.173175200000000186e+06
1.365299999999999958e+00 4.162383600000000093e+06
1.366999999999999993e+00 4.151327499999999534e+06
1.368700000000000028e+00 4.140482999999999534e+06
1.370500000000000052e+00 4.129691399999999907e+06
1.372200000000000086e+00 4.118794000000000000e+06
1.373899999999999899e+00 4.107843700000000186e+06
1.375699999999999923e+00 4.096840500000000000e+06
1.377399999999999958e+00 4.085837299999999814e+06
1.379099999999999993e+00 4.074675399999999907e+06
1.380900000000000016e+00 4.063513500000000000e+06
1.382600000000000051e+00 4.052087099999999627e+06
1.384300000000000086e+00 4.040502000000000000e+06
1.386100000000000110e+00 4.029022700000000186e+06
1.387799999999999923e+00 4.017649200000000186e+06
1.389499999999999957e+00 4.006169900000000373e+06
1.391299999999999981e+00 3.994690600000000093e+06
1.393000000000000016e+00 3.983105500000000000e+06
1.394800000000000040e+00 3.971520399999999907e+06
1.396500000000000075e+00 3.959829500000000466e+06
1.398200000000000109e+00 3.948085700000000186e+06
1.399999999999999911e+00 3.936130300000000279e+06
1.401699999999999946e+00 3.923910399999999907e+06
1.403399999999999981e+00 3.911849200000000186e+06
1.405200000000000005e+00 3.899893799999999814e+06
1.406900000000000039e+00 3.887885500000000000e+06
1.408600000000000074e+00 3.875771399999999907e+06
1.410400000000000098e+00 3.863657299999999814e+06
1.412099999999999911e+00 3.851437400000000373e+06
1.413799999999999946e+00 3.839217500000000000e+06
1.415599999999999969e+00 3.826891799999999814e+06
1.417300000000000004e+00 3.814354500000000000e+06
1.419000000000000039e+00 3.801552699999999721e+06
1.420800000000000063e+00 3.788909600000000093e+06
1.422500000000000098e+00 3.776372299999999814e+06
1.424199999999999910e+00 3.763782099999999627e+06
1.425999999999999934e+00 3.751138999999999534e+06
1.427699999999999969e+00 3.738443000000000000e+06
1.429400000000000004e+00 3.725641200000000186e+06
1.431200000000000028e+00 3.712839400000000373e+06
1.432900000000000063e+00 3.699984700000000186e+06
1.434700000000000086e+00 3.686865500000000000e+06
1.436399999999999899e+00 3.673481800000000279e+06
1.438099999999999934e+00 3.660256799999999814e+06
1.439899999999999958e+00 3.647137600000000093e+06
1.441599999999999993e+00 3.633965499999999534e+06
1.443300000000000027e+00 3.620740500000000000e+06
1.445100000000000051e+00 3.607462600000000093e+06
1.446800000000000086e+00 3.594131800000000279e+06
1.448499999999999899e+00 3.580748100000000093e+06
1.450299999999999923e+00 3.567311500000000000e+06
1.451999999999999957e+00 3.553610399999999907e+06
1.453699999999999992e+00 3.539697700000000186e+06
1.455500000000000016e+00 3.525837900000000373e+06
1.457200000000000051e+00 3.512189700000000186e+06
1.458900000000000086e+00 3.498435699999999721e+06
1.460700000000000109e+00 3.484628799999999814e+06
1.462399999999999922e+00 3.470769000000000000e+06
1.464099999999999957e+00 3.456856299999999814e+06
1.465899999999999981e+00 3.442890700000000186e+06
1.467600000000000016e+00 3.428925100000000093e+06
1.469300000000000050e+00 3.414642100000000093e+06
1.471100000000000074e+00 3.400094600000000093e+06
1.472800000000000109e+00 3.385652899999999907e+06
1.474599999999999911e+00 3.371422799999999814e+06
1.476299999999999946e+00 3.357139799999999814e+06
1.477999999999999980e+00 3.342751000000000000e+06
1.479800000000000004e+00 3.328362199999999721e+06
1.481500000000000039e+00 3.313814700000000186e+06
1.483200000000000074e+00 3.299320099999999627e+06
1.485000000000000098e+00 3.284719699999999721e+06
1.486699999999999910e+00 3.269907699999999721e+06
1.488399999999999945e+00 3.254725400000000373e+06
1.490199999999999969e+00 3.239701799999999814e+06
1.491900000000000004e+00 3.224889800000000279e+06
1.493600000000000039e+00 3.209972000000000000e+06
1.495400000000000063e+00 3.195054199999999721e+06
1.497100000000000097e+00 3.180030600000000093e+06
1.498799999999999910e+00 3.164954100000000093e+06
1.500599999999999934e+00 3.149877599999999627e+06
1.502299999999999969e+00 3.134695300000000279e+06
1.504000000000000004e+00 3.119301399999999907e+06
1.505800000000000027e+00 3.103537199999999721e+06
1.507500000000000062e+00 3.087878800000000279e+06
1.509200000000000097e+00 3.072484900000000373e+06
1.510999999999999899e+00 3.056985199999999721e+06
1.512699999999999934e+00 3.041485500000000000e+06
1.514499999999999957e+00 3.025879999999999534e+06
1.516199999999999992e+00 3.010221600000000093e+06
1.517900000000000027e+00 2.994510299999999814e+06
1.519700000000000051e+00 2.978746100000000093e+06
1.521400000000000086e+00 2.962770299999999814e+06
1.523099999999999898e+00 2.946371299999999814e+06
1.524899999999999922e+00 2.930130999999999534e+06
1.526599999999999957e+00 2.914102299999999814e+06
1.528299999999999992e+00 2.898020700000000186e+06
1.530100000000000016e+00 2.881886200000000186e+06
1.531800000000000050e+00 2.865698799999999814e+06
1.533500000000000085e+00 2.849405600000000093e+06
1.535300000000000109e+00 2.833059500000000000e+06
1.536999999999999922e+00 2.816660500000000000e+06
1.538699999999999957e+00 2.800049899999999907e+06
1.540499999999999980e+00 2.783069000000000000e+06
1.542200000000000015e+00 2.766193899999999907e+06
1.543900000000000050e+00 2.749477500000000466e+06
1.545700000000000074e+00 2.732761100000000093e+06
1.547400000000000109e+00 2.715991799999999814e+06
1.549099999999999921e+00 2.699169600000000093e+06
1.550899999999999945e+00 2.682294500000000000e+06
1.552599999999999980e+00 2.665313599999999627e+06
1.554400000000000004e+00 2.648226899999999907e+06
1.556100000000000039e+00 2.630981500000000000e+06
1.557800000000000074e+00 2.613312899999999907e+06
1.559600000000000097e+00 2.595750100000000093e+06
1.561299999999999910e+00 2.578451800000000279e+06
1.562999999999999945e+00 2.561047700000000186e+06
1.564799999999999969e+00 2.543643600000000093e+06
1.566500000000000004e+00 2.526133700000000186e+06
1.568200000000000038e+00 2.508518000000000000e+06
1.570000000000000062e+00 2.490849399999999907e+06
1.571700000000000097e+00 2.473127899999999907e+06
1.573399999999999910e+00 2.455247699999999721e+06
1.575199999999999934e+00 2.436838500000000000e+06
1.576899999999999968e+00 2.418535100000000093e+06
1.578600000000000003e+00 2.400496200000000186e+06
1.580400000000000027e+00 2.382457299999999814e+06
1.582100000000000062e+00 2.364259700000000186e+06
1.583800000000000097e+00 2.346062100000000093e+06
1.585599999999999898e+00 2.327705800000000279e+06
1.587299999999999933e+00 2.309349500000000000e+06
1.588999999999999968e+00 2.290887399999999907e+06
1.590799999999999992e+00 2.272213700000000186e+06
1.592500000000000027e+00 2.253063899999999907e+06
1.594300000000000050e+00 2.233967000000000000e+06
1.596000000000000085e+00 2.215134600000000093e+06
1.597699999999999898e+00 2.196302200000000186e+06
1.599499999999999922e+00 2.177364000000000000e+06
1.601199999999999957e+00 2.158372899999999907e+06
1.602899999999999991e+00 2.139223100000000093e+06
1.604700000000000015e+00 2.120020399999999907e+06
1.606400000000000050e+00 2.100711899999999907e+06
1.608100000000000085e+00 2.081244699999999953e+06
1.609900000000000109e+00 2.061195599999999860e+06
1.611599999999999921e+00 2.041199399999999907e+06
1.613299999999999956e+00 2.021520599999999860e+06
1.615099999999999980e+00 2.001788900000000140e+06
1.616800000000000015e+00 1.981951399999999907e+06
1.618500000000000050e+00 1.962008100000000093e+06
1.620300000000000074e+00 1.941959000000000000e+06
1.622000000000000108e+00 1.921857000000000000e+06
1.623699999999999921e+00 1.901596300000000047e+06
1.625499999999999945e+00 1.881229800000000047e+06
1.627199999999999980e+00 1.860122699999999953e+06
1.628900000000000015e+00 1.839068500000000000e+06
1.630700000000000038e+00 1.818384599999999860e+06
1.632400000000000073e+00 1.797647800000000047e+06
1.634100000000000108e+00 1.776752300000000047e+06
1.635899999999999910e+00 1.755750999999999767e+06
1.637599999999999945e+00 1.734591000000000233e+06
1.639399999999999968e+00 1.713378100000000093e+06
1.641100000000000003e+00 1.691953600000000093e+06
1.642800000000000038e+00 1.670423300000000047e+06
1.644600000000000062e+00 1.648099500000000000e+06
1.646300000000000097e+00 1.625881500000000000e+06
1.647999999999999909e+00 1.603928000000000233e+06
1.649799999999999933e+00 1.581868700000000186e+06
1.651499999999999968e+00 1.559650699999999953e+06
1.653200000000000003e+00 1.537379800000000047e+06
1.655000000000000027e+00 1.514844399999999907e+06
1.656700000000000061e+00 1.492256100000000093e+06
1.658400000000000096e+00 1.469403300000000047e+06
1.660199999999999898e+00 1.446444699999999953e+06
1.661899999999999933e+00 1.422533899999999907e+06
1.663599999999999968e+00 1.398676000000000233e+06
1.665399999999999991e+00 1.375135500000000000e+06
1.667100000000000026e+00 1.351542099999999860e+06
1.668800000000000061e+00 1.327578400000000140e+06
1.670600000000000085e+00 1.303561800000000047e+06
1.672299999999999898e+00 1.279227800000000047e+06
1.673999999999999932e+00 1.254840899999999907e+06
1.675799999999999956e+00 1.229977899999999907e+06
1.677499999999999991e+00 1.205062000000000000e+06
1.679300000000000015e+00 1.179035199999999953e+06
1.681000000000000050e+00 1.153008399999999907e+06
1.682700000000000085e+00 1.127193199999999953e+06
1.684500000000000108e+00 1.101325099999999860e+06
1.686199999999999921e+00 1.074928000000000000e+06
1.687899999999999956e+00 1.048530900000000023e+06
1.689699999999999980e+00 1.021499000000000000e+06
1.691400000000000015e+00 9.944670999999999767e+05
1.693100000000000049e+00 9.667475000000000000e+05
1.694900000000000073e+00 9.389750000000000000e+05
1.696600000000000108e+00 9.096684000000000233e+05
1.698299999999999921e+00 8.804146999999999534e+05
1.700099999999999945e+00 8.511080999999999767e+05
1.701799999999999979e+00 8.216956999999999534e+05
1.703500000000000014e+00 7.914368999999999069e+05
1.705300000000000038e+00 7.611252000000000698e+05
1.707000000000000073e+00 7.297555000000000000e+05
1.708700000000000108e+00 6.983328999999999069e+05
1.710499999999999909e+00 6.657465000000000000e+05
1.712199999999999944e+00 6.331600999999999767e+05
1.713899999999999979e+00 5.980874000000000233e+05
1.715700000000000003e+00 5.630146999999999534e+05
1.717400000000000038e+00 5.272542999999999302e+05
1.719200000000000061e+00 4.914462899999999790e+05
1.720900000000000096e+00 4.536862700000000186e+05
1.722599999999999909e+00 4.158997999999999884e+05
1.724399999999999933e+00 3.757169600000000210e+05
1.726099999999999968e+00 3.355341199999999953e+05
1.727800000000000002e+00 2.924629400000000023e+05
1.729600000000000026e+00 2.493758900000000140e+05
1.731300000000000061e+00 2.017553099999999977e+05
1.733000000000000096e+00 1.540236399999999849e+05
1.734799999999999898e+00 1.057259400000000023e+05
1.736499999999999932e+00 5.742823999999999796e+04
