2.000000000000000042e-02 4.437600000000000477e+01
3.633600000000000024e-02 1.514305200000000013e+02
5.267299999999999760e-02 3.101469599999999787e+02
6.900900000000000090e-02 5.186832000000000562e+02
8.534500000000000419e-02 7.752383999999999560e+02
1.016800000000000065e-01 1.078233600000000024e+03
1.180199999999999999e-01 1.432312799999999925e+03
1.343499999999999972e-01 1.832986799999999903e+03
1.506899999999999906e-01 2.273496000000000095e+03
1.670300000000000118e-01 2.752137600000000020e+03
1.833599999999999952e-01 3.267053999999999633e+03
1.996999999999999886e-01 3.817058399999999892e+03
2.160400000000000098e-01 4.407207600000000639e+03
2.323699999999999932e-01 5.027181599999999889e+03
2.487099999999999866e-01 5.674451999999999316e+03
2.650500000000000078e-01 6.346283999999999651e+03
2.813800000000000190e-01 7.040820000000000618e+03
2.977199999999999847e-01 7.753931999999999789e+03
3.140499999999999958e-01 8.469623999999999796e+03
3.303900000000000170e-01 9.193572000000000116e+03
3.467299999999999827e-01 9.983567999999999302e+03
3.630599999999999938e-01 1.086799200000000019e+04
3.794000000000000150e-01 1.178337600000000020e+04
3.957399999999999807e-01 1.273230000000000109e+04
4.120699999999999918e-01 1.370547600000000057e+04
4.284100000000000130e-01 1.470496800000000076e+04
4.447400000000000242e-01 1.573800000000000182e+04
4.610799999999999899e-01 1.681076400000000285e+04
4.774200000000000110e-01 1.791552000000000044e+04
4.937500000000000222e-01 1.904710800000000017e+04
5.100900000000000434e-01 2.019881999999999607e+04
5.264299999999999535e-01 2.137633199999999852e+04
5.427600000000000202e-01 2.258738400000000183e+04
5.591000000000000414e-01 2.384384400000000096e+04
5.754399999999999515e-01 2.513177999999999884e+04
5.917700000000000182e-01 2.644396799999999712e+04
6.081100000000000394e-01 2.777834400000000096e+04
6.244399999999999951e-01 2.913697200000000157e+04
6.407800000000000162e-01 3.052449599999999919e+04
6.571200000000000374e-01 3.194968799999999828e+04
6.734499999999999931e-01 3.339964800000000105e+04
6.897900000000000142e-01 3.487231199999999808e+04
7.061300000000000354e-01 3.636768000000000029e+04
7.224599999999999911e-01 3.788420399999999790e+04
7.388000000000000123e-01 3.942910800000000017e+04
7.551400000000000334e-01 4.100290799999999581e+04
7.714699999999999891e-01 4.259838000000000466e+04
7.878100000000000103e-01 4.421449199999999837e+04
8.041399999999999659e-01 4.584969600000000355e+04
8.204799999999999871e-01 4.750192799999999988e+04
8.368200000000000083e-01 4.918976400000000285e+04
8.531499999999999639e-01 5.089978800000000047e+04
8.694899999999999851e-01 5.263200000000000728e+04
8.858300000000000063e-01 5.437608000000000175e+04
9.021599999999999620e-01 5.614080000000000291e+04
9.184999999999999831e-01 5.792100000000000000e+04
9.348300000000000498e-01 5.974247999999999593e+04
9.511699999999999600e-01 6.157944000000000233e+04
9.675099999999999811e-01 6.343703999999999360e+04
9.838400000000000478e-01 6.531012000000000262e+04
1.000199999999999978e+00 6.720384000000001106e+04
1.016499999999999959e+00 6.910788000000000466e+04
1.032899999999999929e+00 7.104288000000000466e+04
1.049199999999999910e+00 7.300368000000000757e+04
1.065499999999999892e+00 7.497996000000000640e+04
1.081900000000000084e+00 7.697172000000000116e+04
1.098200000000000065e+00 7.897380000000000291e+04
1.114500000000000046e+00 8.099651999999998952e+04
1.130900000000000016e+00 8.304504000000000815e+04
1.147199999999999998e+00 8.510904000000000815e+04
1.163499999999999979e+00 8.719367999999999302e+04
1.179899999999999949e+00 8.928863999999999942e+04
1.196199999999999930e+00 9.140424000000000524e+04
1.212599999999999900e+00 9.353016000000000349e+04
1.228900000000000103e+00 9.567672000000000116e+04
1.245200000000000085e+00 9.783875999999999476e+04
1.261600000000000055e+00 1.000162799999999988e+05
1.277900000000000036e+00 1.022092799999999988e+05
1.294200000000000017e+00 1.044125999999999913e+05
1.310599999999999987e+00 1.066313999999999942e+05
1.326899999999999968e+00 1.088656799999999930e+05
1.343199999999999950e+00 1.111154400000000023e+05
1.359599999999999920e+00 1.133755199999999895e+05
1.375899999999999901e+00 1.156510799999999872e+05
1.392300000000000093e+00 1.179369600000000064e+05
1.408600000000000074e+00 1.202331599999999889e+05
1.424900000000000055e+00 1.225448399999999965e+05
1.441300000000000026e+00 1.248720000000000000e+05
1.457600000000000007e+00 1.272146399999999994e+05
1.473899999999999988e+00 1.295624400000000023e+05
1.490299999999999958e+00 1.319257200000000012e+05
1.506599999999999939e+00 1.342941600000000035e+05
1.522899999999999920e+00 1.366780800000000163e+05
1.539299999999999891e+00 1.390774800000000105e+05
1.555600000000000094e+00 1.414872000000000116e+05
1.572000000000000064e+00 1.439020799999999872e+05
1.588300000000000045e+00 1.463324400000000023e+05
1.604600000000000026e+00 1.487628000000000175e+05
1.620999999999999996e+00 1.512086400000000140e+05
1.637299999999999978e+00 1.536699599999999919e+05
1.653599999999999959e+00 1.561364400000000023e+05
1.669999999999999929e+00 1.586132399999999907e+05
1.686299999999999910e+00 1.610952000000000116e+05
1.702599999999999891e+00 1.635874800000000105e+05
1.719000000000000083e+00 1.660849200000000128e+05
1.735300000000000065e+00 1.685978399999999965e+05
1.751700000000000035e+00 1.711159199999999837e+05
1.768000000000000016e+00 1.736340000000000000e+05
1.784299999999999997e+00 1.761623999999999942e+05
1.800699999999999967e+00 1.786959600000000210e+05
1.816999999999999948e+00 1.812398400000000256e+05
1.833299999999999930e+00 1.837991999999999825e+05
1.849699999999999900e+00 1.863585599999999977e+05
1.866000000000000103e+00 1.889230799999999872e+05
1.882300000000000084e+00 1.914979199999999837e+05
1.898700000000000054e+00 1.940675999999999767e+05
1.915000000000000036e+00 1.966527600000000093e+05
1.931400000000000006e+00 1.992482400000000198e+05
1.947699999999999987e+00 2.018437200000000012e+05
1.963999999999999968e+00 2.044443600000000151e+05
1.980399999999999938e+00 2.070501600000000035e+05
1.996699999999999919e+00 2.096559599999999919e+05
2.012999999999999901e+00 2.122720800000000163e+05
2.029399999999999871e+00 2.148985200000000186e+05
2.045700000000000074e+00 2.175249599999999919e+05
2.061999999999999833e+00 2.201565600000000268e+05
2.078399999999999803e+00 2.227881600000000035e+05
2.094700000000000006e+00 2.254197600000000093e+05
2.111099999999999977e+00 2.280616799999999930e+05
2.127400000000000180e+00 2.307087600000000093e+05
2.143699999999999939e+00 2.333610000000000000e+05
2.160099999999999909e+00 2.360132400000000198e+05
2.176400000000000112e+00 2.386654800000000105e+05
2.192699999999999871e+00 2.413177200000000012e+05
2.209099999999999842e+00 2.439802799999999988e+05
2.225400000000000045e+00 2.466428399999999965e+05
2.241699999999999804e+00 2.493105599999999977e+05
2.258100000000000218e+00 2.519782799999999988e+05
2.274399999999999977e+00 2.546408399999999965e+05
2.290799999999999947e+00 2.573085599999999977e+05
2.307100000000000151e+00 2.599814400000000023e+05
2.323399999999999910e+00 2.626543200000000070e+05
2.339799999999999880e+00 2.653323599999999860e+05
2.356100000000000083e+00 2.680052399999999907e+05
2.372399999999999842e+00 2.706781199999999953e+05
2.388799999999999812e+00 2.733510000000000000e+05
2.405100000000000016e+00 2.760290399999999790e+05
2.421400000000000219e+00 2.787122399999999907e+05
2.437800000000000189e+00 2.813902799999999697e+05
2.454099999999999948e+00 2.840683200000000070e+05
2.470499999999999918e+00 2.867463599999999860e+05
2.486800000000000122e+00 2.894192399999999907e+05
2.503099999999999881e+00 2.920972799999999697e+05
2.519499999999999851e+00 2.947753200000000070e+05
2.535800000000000054e+00 2.974533599999999860e+05
2.552099999999999813e+00 3.001314000000000233e+05
2.568499999999999783e+00 3.027991199999999953e+05
2.584799999999999986e+00 3.054720000000000000e+05
2.601100000000000190e+00 3.081448800000000047e+05
2.617500000000000160e+00 3.108177600000000093e+05
2.633799999999999919e+00 3.134854799999999814e+05
2.650199999999999889e+00 3.161532000000000116e+05
2.666500000000000092e+00 3.188157600000000093e+05
2.682799999999999851e+00 3.214783200000000070e+05
2.699199999999999822e+00 3.241357199999999721e+05
2.715500000000000025e+00 3.267982800000000279e+05
2.731799999999999784e+00 3.294556799999999930e+05
2.748200000000000198e+00 3.321079200000000419e+05
2.764499999999999957e+00 3.347601600000000326e+05
2.780800000000000161e+00 3.374020800000000163e+05
2.797200000000000131e+00 3.400491600000000326e+05
2.813499999999999890e+00 3.426910800000000163e+05
2.829800000000000093e+00 3.453330000000000000e+05
2.846200000000000063e+00 3.479697599999999511e+05
2.862499999999999822e+00 3.505962000000000116e+05
2.878899999999999793e+00 3.532174799999999814e+05
2.895199999999999996e+00 3.558439199999999837e+05
2.911500000000000199e+00 3.584703600000000442e+05
2.927900000000000169e+00 3.610864799999999814e+05
2.944199999999999928e+00 3.636974400000000023e+05
2.960500000000000131e+00 3.663083999999999651e+05
2.976900000000000102e+00 3.689038800000000047e+05
2.993199999999999861e+00 3.715045200000000186e+05
3.009500000000000064e+00 3.741000000000000000e+05
3.025900000000000034e+00 3.766903200000000070e+05
3.042199999999999793e+00 3.792754799999999814e+05
3.058600000000000207e+00 3.818503200000000070e+05
3.074899999999999967e+00 3.844200000000000000e+05
3.091200000000000170e+00 3.869845199999999604e+05
3.107600000000000140e+00 3.895490400000000373e+05
3.123899999999999899e+00 3.921084000000000233e+05
3.140200000000000102e+00 3.946625999999999767e+05
3.156600000000000072e+00 3.972013200000000070e+05
3.172899999999999832e+00 3.997348799999999464e+05
3.189200000000000035e+00 4.022684400000000023e+05
3.205600000000000005e+00 4.047968400000000256e+05
3.221900000000000208e+00 4.073200799999999581e+05
3.238300000000000178e+00 4.098330000000000000e+05
3.254599999999999937e+00 4.123355999999999767e+05
3.270900000000000141e+00 4.148330399999999790e+05
3.287300000000000111e+00 4.173253200000000070e+05
3.303599999999999870e+00 4.198124400000000023e+05
3.319900000000000073e+00 4.222943999999999651e+05
3.336300000000000043e+00 4.247660400000000373e+05
3.352599999999999802e+00 4.272273599999999860e+05
3.368900000000000006e+00 4.296783599999999860e+05
3.385299999999999976e+00 4.321293599999999860e+05
3.401600000000000179e+00 4.345752000000000116e+05
3.418000000000000149e+00 4.370107200000000303e+05
3.434299999999999908e+00 4.394359199999999837e+05
3.450600000000000112e+00 4.418507999999999884e+05
3.467000000000000082e+00 4.442605200000000186e+05
3.483299999999999841e+00 4.466650800000000163e+05
3.499600000000000044e+00 4.490593199999999488e+05
3.516000000000000014e+00 4.514483999999999651e+05
3.532300000000000217e+00 4.538220000000000000e+05
3.548599999999999977e+00 4.561904400000000023e+05
3.564999999999999947e+00 4.585485599999999977e+05
3.581300000000000150e+00 4.609015200000000186e+05
3.597700000000000120e+00 4.632441599999999744e+05
3.613999999999999879e+00 4.655816400000000140e+05
3.630300000000000082e+00 4.679036399999999558e+05
3.646700000000000053e+00 4.702153200000000070e+05
3.662999999999999812e+00 4.725166799999999930e+05
3.679300000000000015e+00 4.748180400000000373e+05
3.695699999999999985e+00 4.771090800000000163e+05
3.712000000000000188e+00 4.793897999999999884e+05
3.728299999999999947e+00 4.816550399999999790e+05
3.744699999999999918e+00 4.839151199999999953e+05
3.761000000000000121e+00 4.861597199999999721e+05
3.777400000000000091e+00 4.884043200000000070e+05
3.793699999999999850e+00 4.906386000000000349e+05
3.810000000000000053e+00 4.928574000000000233e+05
3.826400000000000023e+00 4.950710399999999790e+05
3.842699999999999783e+00 4.972692000000000116e+05
3.858999999999999986e+00 4.994518800000000047e+05
3.875399999999999956e+00 5.016345599999999977e+05
3.891700000000000159e+00 5.038069199999999837e+05
3.907999999999999918e+00 5.059689600000000210e+05
3.924399999999999888e+00 5.081206800000000512e+05
3.940700000000000092e+00 5.102569200000000419e+05
3.957100000000000062e+00 5.123776799999999930e+05
3.973399999999999821e+00 5.144984400000000023e+05
3.989700000000000024e+00 5.166192000000000116e+05
4.006099999999999994e+00 5.186832000000000116e+05
4.022400000000000198e+00 5.207988000000000466e+05
4.038700000000000401e+00 5.228628000000000466e+05
4.055100000000000371e+00 5.249268000000000466e+05
4.071399999999999686e+00 5.269908000000000466e+05
4.087699999999999889e+00 5.290031999999999534e+05
4.104099999999999859e+00 5.310671999999999534e+05
4.120400000000000063e+00 5.330795999999999767e+05
4.136800000000000033e+00 5.350404000000000233e+05
4.153100000000000236e+00 5.370528000000000466e+05
4.169400000000000439e+00 5.390651999999999534e+05
4.185800000000000409e+00 5.410260000000000000e+05
4.202099999999999724e+00 5.429868000000000466e+05
4.218399999999999928e+00 5.449475999999999767e+05
4.234799999999999898e+00 5.468568000000000466e+05
4.251100000000000101e+00 5.487660000000000000e+05
4.267400000000000304e+00 5.506751999999999534e+05
4.283800000000000274e+00 5.525844000000000233e+05
4.300099999999999589e+00 5.544935999999999767e+05
4.316499999999999559e+00 5.563511999999999534e+05
4.332799999999999763e+00 5.582088000000000466e+05
4.349099999999999966e+00 5.600664000000000233e+05
4.365499999999999936e+00 5.619240000000000000e+05
4.381800000000000139e+00 5.637300000000000000e+05
4.398100000000000342e+00 5.655360000000000000e+05
4.414500000000000313e+00 5.673420000000000000e+05
4.430799999999999628e+00 5.691480000000000000e+05
4.447099999999999831e+00 5.709024000000000233e+05
4.463499999999999801e+00 5.727084000000000233e+05
4.479800000000000004e+00 5.744628000000000466e+05
4.496199999999999974e+00 5.761655999999999767e+05
4.512500000000000178e+00 5.779200000000000000e+05
4.528800000000000381e+00 5.796228000000000466e+05
4.545200000000000351e+00 5.813255999999999767e+05
4.561499999999999666e+00 5.830283999999999069e+05
4.577799999999999869e+00 5.846795999999999767e+05
4.594199999999999839e+00 5.863307999999999302e+05
4.610500000000000043e+00 5.879820000000000000e+05
4.626800000000000246e+00 5.896331999999999534e+05
4.643200000000000216e+00 5.912328000000000466e+05
4.659500000000000419e+00 5.928324000000000233e+05
4.675900000000000389e+00 5.944320000000000000e+05
4.692199999999999704e+00 5.960315999999999767e+05
4.708499999999999908e+00 5.975795999999999767e+05
4.724899999999999878e+00 5.991791999999999534e+05
4.741200000000000081e+00 6.006755999999999767e+05
4.757500000000000284e+00 6.022235999999999767e+05
4.773900000000000254e+00 6.037200000000000000e+05
4.790199999999999569e+00 6.052164000000000233e+05
4.806499999999999773e+00 6.067128000000000466e+05
4.822899999999999743e+00 6.082092000000000698e+05
4.839199999999999946e+00 6.096540000000000000e+05
4.855599999999999916e+00 6.110987999999999302e+05
4.871900000000000119e+00 6.125435999999999767e+05
4.888200000000000323e+00 6.139368000000000466e+05
4.904600000000000293e+00 6.153815999999999767e+05
4.920899999999999608e+00 6.167747999999999302e+05
4.937199999999999811e+00 6.181164000000000233e+05
4.953599999999999781e+00 6.195095999999999767e+05
4.969899999999999984e+00 6.208511999999999534e+05
4.986200000000000188e+00 6.221928000000000466e+05
5.002600000000000158e+00 6.234828000000000466e+05
5.018900000000000361e+00 6.248244000000000233e+05
5.035300000000000331e+00 6.260627999999999302e+05
5.051599999999999646e+00 6.273527999999999302e+05
5.067899999999999849e+00 6.286427999999999302e+05
5.084299999999999820e+00 6.298811999999999534e+05
5.100600000000000023e+00 6.311195999999999767e+05
5.116900000000000226e+00 6.323580000000000000e+05
5.133300000000000196e+00 6.335448000000000466e+05
5.149600000000000399e+00 6.347315999999999767e+05
5.165899999999999714e+00 6.359184000000000233e+05
5.182299999999999685e+00 6.371051999999999534e+05
5.198599999999999888e+00 6.382404000000000233e+05
5.214999999999999858e+00 6.393755999999999767e+05
5.231300000000000061e+00 6.404591999999999534e+05
5.247600000000000264e+00 6.415944000000000233e+05
5.264000000000000234e+00 6.426780000000000000e+05
5.280300000000000438e+00 6.437615999999999767e+05
5.296599999999999753e+00 6.447935999999999767e+05
5.312999999999999723e+00 6.458772000000000698e+05
5.329299999999999926e+00 6.469092000000000698e+05
5.345600000000000129e+00 6.478895999999999767e+05
5.362000000000000099e+00 6.489216000000000931e+05
5.378300000000000303e+00 6.499020000000000000e+05
5.394700000000000273e+00 6.508824000000000233e+05
5.410999999999999588e+00 6.518111999999999534e+05
5.427299999999999791e+00 6.527916000000000931e+05
5.443699999999999761e+00 6.537204000000000233e+05
5.459999999999999964e+00 6.546492000000000698e+05
5.476300000000000168e+00 6.555263999999999069e+05
5.492700000000000138e+00 6.564035999999999767e+05
5.509000000000000341e+00 6.572807999999999302e+05
5.525299999999999656e+00 6.581063999999999069e+05
5.541699999999999626e+00 6.589835999999999767e+05
5.557999999999999829e+00 6.598092000000000698e+05
5.574399999999999800e+00 6.605831999999999534e+05
5.590700000000000003e+00 6.614087999999999302e+05
5.607000000000000206e+00 6.621828000000000466e+05
5.623400000000000176e+00 6.629568000000000466e+05
5.639700000000000379e+00 6.636792000000000698e+05
5.655999999999999694e+00 6.644531999999999534e+05
5.672399999999999665e+00 6.651239999999998836e+05
5.688699999999999868e+00 6.658463999999999069e+05
5.705000000000000071e+00 6.665172000000000698e+05
5.721400000000000041e+00 6.671880000000000000e+05
5.737700000000000244e+00 6.678587999999999302e+05
5.754100000000000215e+00 6.685296000000000931e+05
5.770400000000000418e+00 6.691487999999999302e+05
5.786699999999999733e+00 6.697680000000000000e+05
5.803099999999999703e+00 6.703355999999999767e+05
5.819399999999999906e+00 6.709548000000000466e+05
5.835700000000000109e+00 6.715224000000000233e+05
5.852100000000000080e+00 6.720900000000000000e+05
5.868400000000000283e+00 6.726060000000000000e+05
5.884699999999999598e+00 6.731220000000000000e+05
5.901099999999999568e+00 6.736380000000000000e+05
5.917399999999999771e+00 6.741539999999998836e+05
5.933799999999999741e+00 6.746184000000000233e+05
5.950099999999999945e+00 6.750828000000000466e+05
5.966400000000000148e+00 6.755472000000000698e+05
5.982800000000000118e+00 6.759600000000000000e+05
5.999100000000000321e+00 6.763728000000000466e+05
6.015399999999999636e+00 6.767855999999999767e+05
6.031799999999999606e+00 6.771468000000000466e+05
6.048099999999999810e+00 6.775596000000000931e+05
6.064400000000000013e+00 6.779207999999999302e+05
6.080799999999999983e+00 6.782304000000000233e+05
6.097100000000000186e+00 6.785915999999999767e+05
6.113500000000000156e+00 6.789011999999999534e+05
6.129800000000000360e+00 6.791591999999999534e+05
6.146099999999999675e+00 6.794687999999999302e+05
6.162499999999999645e+00 6.797268000000000466e+05
6.178799999999999848e+00 6.799848000000000466e+05
6.195100000000000051e+00 6.802428000000000466e+05
6.211500000000000021e+00 6.804491999999999534e+05
6.227800000000000225e+00 6.806555999999999767e+05
6.244100000000000428e+00 6.808620000000001164e+05
6.260500000000000398e+00 6.810167999999999302e+05
6.276799999999999713e+00 6.811715999999999767e+05
6.293199999999999683e+00 6.813263999999999069e+05
6.309499999999999886e+00 6.814811999999999534e+05
6.325800000000000090e+00 6.815844000000000233e+05
6.342200000000000060e+00 6.816875999999999767e+05
6.358500000000000263e+00 6.817907999999999302e+05
6.374799999999999578e+00 6.818424000000000233e+05
6.391200000000000436e+00 6.818940000000000000e+05
6.407499999999999751e+00 6.819455999999999767e+05
6.423799999999999955e+00 6.819972000000000698e+05
6.440199999999999925e+00 6.819972000000000698e+05
6.456500000000000128e+00 6.819972000000000698e+05
6.472900000000000098e+00 6.819972000000000698e+05
6.489200000000000301e+00 6.819455999999999767e+05
6.505499999999999616e+00 6.818940000000000000e+05
6.521899999999999586e+00 6.818424000000000233e+05
6.538199999999999790e+00 6.817907999999999302e+05
6.554499999999999993e+00 6.816875999999999767e+05
6.570899999999999963e+00 6.815844000000000233e+05
6.587200000000000166e+00 6.814811999999999534e+05
6.603500000000000369e+00 6.813263999999999069e+05
6.619900000000000340e+00 6.811715999999999767e+05
6.636199999999999655e+00 6.810167999999999302e+05
6.652599999999999625e+00 6.808620000000001164e+05
6.668899999999999828e+00 6.806555999999999767e+05
6.685200000000000031e+00 6.804491999999999534e+05
6.701600000000000001e+00 6.802428000000000466e+05
6.717900000000000205e+00 6.799848000000000466e+05
6.734200000000000408e+00 6.797268000000000466e+05
6.750600000000000378e+00 6.794687999999999302e+05
6.766899999999999693e+00 6.792107999999999302e+05
6.783199999999999896e+00 6.789011999999999534e+05
6.799599999999999866e+00 6.785915999999999767e+05
6.815900000000000070e+00 6.782820000000000000e+05
6.832300000000000040e+00 6.779207999999999302e+05
6.848600000000000243e+00 6.776111999999999534e+05
6.864899999999999558e+00 6.771984000000000233e+05
6.881300000000000416e+00 6.768372000000000698e+05
6.897599999999999731e+00 6.764244000000000233e+05
6.913899999999999935e+00 6.760631999999999534e+05
6.930299999999999905e+00 6.755987999999999302e+05
6.946600000000000108e+00 6.751860000000000000e+05
6.962900000000000311e+00 6.747215999999999767e+05
6.979300000000000281e+00 6.742572000000000698e+05
6.995599999999999596e+00 6.737928000000000466e+05
7.011999999999999567e+00 6.733284000000000233e+05
7.028299999999999770e+00 6.728124000000000233e+05
7.044599999999999973e+00 6.722963999999999069e+05
7.060999999999999943e+00 6.717287999999999302e+05
7.077300000000000146e+00 6.712128000000000466e+05
7.093600000000000350e+00 6.706451999999999534e+05
7.110000000000000320e+00 6.700775999999999767e+05
7.126299999999999635e+00 6.694584000000000233e+05
7.142599999999999838e+00 6.688907999999999302e+05
7.158999999999999808e+00 6.682715999999999767e+05
7.175300000000000011e+00 6.676007999999999302e+05
7.191699999999999982e+00 6.669816000000000931e+05
7.208000000000000185e+00 6.663107999999999302e+05
7.224300000000000388e+00 6.656400000000000000e+05
7.240700000000000358e+00 6.649692000000000698e+05
7.256999999999999673e+00 6.642984000000000233e+05
7.273299999999999876e+00 6.635760000000000000e+05
7.289699999999999847e+00 6.628535999999999767e+05
7.306000000000000050e+00 6.620796000000000931e+05
7.322300000000000253e+00 6.613572000000000698e+05
7.338700000000000223e+00 6.605831999999999534e+05
7.355000000000000426e+00 6.598092000000000698e+05
7.371400000000000396e+00 6.590351999999999534e+05
7.387699999999999712e+00 6.582095999999999767e+05
7.403999999999999915e+00 6.573840000000001164e+05
7.420399999999999885e+00 6.565583999999999069e+05
7.436700000000000088e+00 6.557328000000000466e+05
7.453000000000000291e+00 6.548555999999999767e+05
7.469400000000000261e+00 6.539783999999999069e+05
7.485699999999999577e+00 6.531011999999999534e+05
7.501999999999999780e+00 6.522240000000001164e+05
7.518399999999999750e+00 6.513468000000000466e+05
7.534699999999999953e+00 6.504180000000000000e+05
7.551099999999999923e+00 6.494892000000000698e+05
7.567400000000000126e+00 6.485087999999999302e+05
7.583700000000000330e+00 6.475800000000000000e+05
7.600100000000000300e+00 6.465995999999999767e+05
7.616399999999999615e+00 6.456192000000000698e+05
7.632699999999999818e+00 6.446388000000000466e+05
7.649099999999999788e+00 6.436067999999999302e+05
7.665399999999999991e+00 6.425748000000000466e+05
7.681700000000000195e+00 6.415427999999999302e+05
7.698100000000000165e+00 6.405108000000000466e+05
7.714400000000000368e+00 6.394272000000000698e+05
7.730800000000000338e+00 6.383951999999999534e+05
7.747099999999999653e+00 6.373115999999999767e+05
7.763399999999999856e+00 6.361764000000000233e+05
7.779799999999999827e+00 6.350927999999999302e+05
7.796100000000000030e+00 6.339575999999999767e+05
7.812400000000000233e+00 6.328740000000000000e+05
7.828800000000000203e+00 6.316871999999999534e+05
7.845100000000000406e+00 6.305520000000000000e+05
7.861399999999999721e+00 6.293651999999999534e+05
7.877799999999999692e+00 6.282300000000000000e+05
7.894099999999999895e+00 6.270432000000000698e+05
7.910499999999999865e+00 6.258048000000000466e+05
7.926800000000000068e+00 6.246180000000000000e+05
7.943100000000000271e+00 6.233795999999999767e+05
7.959500000000000242e+00 6.221411999999999534e+05
7.975799999999999557e+00 6.209028000000000466e+05
7.992099999999999760e+00 6.196644000000000233e+05
8.008499999999999730e+00 6.183744000000000233e+05
8.024800000000000821e+00 6.170844000000000233e+05
8.041100000000000136e+00 6.157944000000000233e+05
8.057499999999999218e+00 6.145044000000000233e+05
8.073800000000000310e+00 6.131628000000000466e+05
8.090199999999999392e+00 6.118728000000000466e+05
8.106500000000000483e+00 6.105311999999999534e+05
8.122799999999999798e+00 6.091895999999999767e+05
8.139200000000000657e+00 6.077964000000000233e+05
8.155499999999999972e+00 6.064547999999999302e+05
8.171799999999999287e+00 6.050615999999999767e+05
8.188200000000000145e+00 6.036684000000000233e+05
8.204499999999999460e+00 6.022752000000000698e+05
8.220800000000000551e+00 6.008820000000000000e+05
8.237199999999999633e+00 5.994371999999999534e+05
8.253500000000000725e+00 5.979924000000000233e+05
8.269800000000000040e+00 5.965475999999999767e+05
8.286199999999999122e+00 5.951028000000000466e+05
8.302500000000000213e+00 5.936580000000000000e+05
8.318899999999999295e+00 5.921615999999999767e+05
8.335200000000000387e+00 5.906652000000000698e+05
8.351499999999999702e+00 5.891688000000000466e+05
8.367900000000000560e+00 5.876724000000000233e+05
8.384199999999999875e+00 5.861760000000000000e+05
8.400499999999999190e+00 5.846795999999999767e+05
8.416900000000000048e+00 5.831315999999999767e+05
8.433199999999999363e+00 5.815835999999999767e+05
8.449500000000000455e+00 5.800355999999999767e+05
8.465899999999999537e+00 5.784875999999999767e+05
8.482200000000000628e+00 5.768880000000000000e+05
8.498599999999999710e+00 5.753400000000000000e+05
8.514900000000000801e+00 5.737404000000000233e+05
8.531200000000000117e+00 5.720891999999999534e+05
8.547599999999999199e+00 5.704895999999999767e+05
8.563900000000000290e+00 5.688900000000000000e+05
8.580199999999999605e+00 5.672904000000000233e+05
8.596600000000000463e+00 5.656391999999999534e+05
8.612899999999999778e+00 5.639880000000000000e+05
8.629200000000000870e+00 5.623367999999999302e+05
8.645599999999999952e+00 5.606340000000000000e+05
8.661899999999999267e+00 5.589827999999999302e+05
8.678300000000000125e+00 5.573315999999999767e+05
8.694599999999999440e+00 5.556288000000000466e+05
8.710900000000000531e+00 5.539260000000000000e+05
8.727299999999999613e+00 5.522232000000000698e+05
8.743600000000000705e+00 5.504687999999999302e+05
8.759900000000000020e+00 5.487660000000000000e+05
8.776300000000000878e+00 5.470632000000000698e+05
8.792600000000000193e+00 5.453087999999999302e+05
8.808899999999999508e+00 5.435544000000000233e+05
8.825300000000000367e+00 5.418000000000000000e+05
8.841599999999999682e+00 5.399940000000000000e+05
8.858000000000000540e+00 5.382395999999999767e+05
8.874299999999999855e+00 5.364852000000000698e+05
8.890599999999999170e+00 5.346792000000000698e+05
8.907000000000000028e+00 5.328731999999999534e+05
8.923299999999999343e+00 5.310671999999999534e+05
8.939600000000000435e+00 5.292611999999999534e+05
8.955999999999999517e+00 5.274552000000000698e+05
8.972300000000000608e+00 5.255975999999999767e+05
8.988599999999999923e+00 5.237916000000000349e+05
9.005000000000000782e+00 5.219340000000000000e+05
9.021300000000000097e+00 5.200764000000000233e+05
9.037699999999999179e+00 5.182188000000000466e+05
9.054000000000000270e+00 5.163612000000000116e+05
9.070299999999999585e+00 5.144984400000000023e+05
9.086700000000000443e+00 5.126202000000000116e+05
9.102999999999999758e+00 5.107367999999999884e+05
9.119300000000000850e+00 5.088327600000000093e+05
9.135699999999999932e+00 5.069390399999999790e+05
9.151999999999999247e+00 5.050350000000000000e+05
9.168300000000000338e+00 5.031309599999999627e+05
9.184699999999999420e+00 5.012114400000000023e+05
9.201000000000000512e+00 4.992867600000000093e+05
9.217399999999999594e+00 4.973414400000000023e+05
9.233700000000000685e+00 4.954115999999999767e+05
9.250000000000000000e+00 4.934714400000000023e+05
9.266400000000000858e+00 4.915261199999999953e+05
9.282700000000000173e+00 4.895704800000000396e+05
9.298999999999999488e+00 4.876045199999999604e+05
9.315400000000000347e+00 4.856282399999999907e+05
9.331699999999999662e+00 4.836571199999999953e+05
9.348000000000000753e+00 4.816808400000000256e+05
9.364399999999999835e+00 4.796994000000000233e+05
9.380699999999999150e+00 4.777127999999999884e+05
9.397100000000000009e+00 4.757107199999999721e+05
9.413399999999999324e+00 4.737034799999999814e+05
9.429700000000000415e+00 4.716962399999999907e+05
9.446099999999999497e+00 4.696890000000000000e+05
9.462400000000000588e+00 4.676765999999999767e+05
9.478699999999999903e+00 4.656538800000000047e+05
9.495100000000000762e+00 4.636208399999999674e+05
9.511400000000000077e+00 4.615878000000000466e+05
9.527699999999999392e+00 4.595495999999999767e+05
9.544100000000000250e+00 4.575113999999999651e+05
9.560399999999999565e+00 4.554680399999999790e+05
9.576800000000000423e+00 4.534195200000000186e+05
9.593099999999999739e+00 4.513555199999999604e+05
9.609400000000000830e+00 4.492915199999999604e+05
9.625799999999999912e+00 4.472275200000000186e+05
9.642099999999999227e+00 4.451635200000000186e+05
9.658400000000000318e+00 4.430943599999999860e+05
9.674799999999999400e+00 4.410200400000000373e+05
9.691100000000000492e+00 4.389302399999999907e+05
9.707399999999999807e+00 4.368404400000000023e+05
9.723800000000000665e+00 4.347557999999999884e+05
9.740099999999999980e+00 4.326659999999999418e+05
9.756500000000000838e+00 4.305710400000000373e+05
9.772800000000000153e+00 4.284709199999999837e+05
9.789099999999999469e+00 4.263604799999999814e+05
9.805500000000000327e+00 4.242500399999999790e+05
9.821799999999999642e+00 4.221447599999999511e+05
9.838100000000000733e+00 4.200343200000000070e+05
9.854499999999999815e+00 4.179187199999999721e+05
9.870799999999999130e+00 4.157979600000000210e+05
9.887100000000000222e+00 4.136668800000000047e+05
9.903499999999999304e+00 4.115306400000000140e+05
9.919800000000000395e+00 4.094098800000000047e+05
9.936199999999999477e+00 4.072839600000000210e+05
9.952500000000000568e+00 4.051528800000000047e+05
9.968799999999999883e+00 4.030114800000000396e+05
9.985200000000000742e+00 4.008649200000000419e+05
1.000200000000000067e+01 3.987132000000000116e+05
1.001800000000000068e+01 3.965769599999999627e+05
1.003400000000000070e+01 3.944355599999999977e+05
1.005100000000000016e+01 3.922890000000000000e+05
1.006700000000000017e+01 3.901372799999999697e+05
1.008300000000000018e+01 3.879804000000000233e+05
1.009999999999999964e+01 3.858132000000000116e+05
1.011599999999999966e+01 3.836614800000000396e+05
1.013199999999999967e+01 3.815097600000000093e+05
1.014899999999999913e+01 3.793528800000000047e+05
1.016499999999999915e+01 3.771856799999999930e+05
1.018099999999999916e+01 3.750184800000000396e+05
1.019800000000000040e+01 3.728461199999999953e+05
1.021400000000000041e+01 3.706840800000000163e+05
1.023000000000000043e+01 3.685220399999999790e+05
1.024699999999999989e+01 3.663548400000000256e+05
1.026299999999999990e+01 3.641824799999999814e+05
1.027899999999999991e+01 3.620049599999999627e+05
1.029599999999999937e+01 3.598326000000000349e+05
1.031199999999999939e+01 3.576654000000000233e+05
1.032799999999999940e+01 3.554930399999999790e+05
1.034500000000000064e+01 3.533258399999999674e+05
1.036100000000000065e+01 3.511483200000000070e+05
1.037700000000000067e+01 3.489604799999999814e+05
1.039400000000000013e+01 3.467881199999999953e+05
1.041000000000000014e+01 3.446157600000000093e+05
1.042600000000000016e+01 3.424433999999999651e+05
1.044299999999999962e+01 3.402710400000000373e+05
1.045899999999999963e+01 3.380935199999999604e+05
1.047499999999999964e+01 3.359056799999999930e+05
1.049200000000000088e+01 3.337281599999999744e+05
1.050799999999999912e+01 3.315609599999999627e+05
1.052399999999999913e+01 3.293937600000000093e+05
1.054100000000000037e+01 3.272162399999999907e+05
1.055700000000000038e+01 3.250438799999999464e+05
1.057300000000000040e+01 3.228560399999999790e+05
1.058999999999999986e+01 3.206836799999999930e+05
1.060599999999999987e+01 3.185216400000000140e+05
1.062199999999999989e+01 3.163544400000000023e+05
1.063899999999999935e+01 3.141872399999999907e+05
1.065499999999999936e+01 3.120148800000000047e+05
1.067099999999999937e+01 3.098373599999999860e+05
1.068800000000000061e+01 3.076650000000000000e+05
1.070400000000000063e+01 3.055081199999999953e+05
1.072000000000000064e+01 3.033512399999999907e+05
1.073700000000000010e+01 3.011892000000000116e+05
1.075300000000000011e+01 2.990271600000000326e+05
1.076900000000000013e+01 2.968599600000000210e+05
1.078599999999999959e+01 2.947030799999999581e+05
1.080199999999999960e+01 2.925513600000000442e+05
1.081799999999999962e+01 2.904047999999999884e+05
1.083500000000000085e+01 2.882530800000000163e+05
1.085100000000000087e+01 2.861013599999999860e+05
1.086700000000000088e+01 2.839496400000000140e+05
1.088400000000000034e+01 2.818030800000000163e+05
1.090000000000000036e+01 2.796668399999999674e+05
1.091600000000000037e+01 2.775357600000000093e+05
1.093299999999999983e+01 2.753995200000000186e+05
1.094899999999999984e+01 2.732581199999999953e+05
1.096499999999999986e+01 2.711218800000000047e+05
1.098199999999999932e+01 2.689907999999999884e+05
1.099799999999999933e+01 2.668752000000000116e+05
1.101399999999999935e+01 2.647544400000000023e+05
1.103100000000000058e+01 2.626336799999999930e+05
1.104700000000000060e+01 2.605129199999999837e+05
1.106300000000000061e+01 2.583921600000000035e+05
1.108000000000000007e+01 2.562868799999999756e+05
1.109600000000000009e+01 2.541867600000000093e+05
1.111200000000000010e+01 2.520918000000000175e+05
1.112899999999999956e+01 2.499916799999999930e+05
1.114499999999999957e+01 2.478915599999999977e+05
1.116099999999999959e+01 2.457862799999999988e+05
1.117800000000000082e+01 2.437068000000000175e+05
1.119400000000000084e+01 2.416324800000000105e+05
1.121000000000000085e+01 2.395581600000000035e+05
1.122700000000000031e+01 2.374838400000000256e+05
1.124300000000000033e+01 2.354043600000000151e+05
1.125900000000000034e+01 2.333248800000000047e+05
1.127599999999999980e+01 2.312711999999999825e+05
1.129199999999999982e+01 2.292226799999999930e+05
1.130799999999999983e+01 2.271741600000000035e+05
1.132499999999999929e+01 2.251308000000000175e+05
1.134099999999999930e+01 2.230822799999999988e+05
1.135699999999999932e+01 2.210285999999999767e+05
1.137400000000000055e+01 2.190058800000000047e+05
1.139000000000000057e+01 2.169831600000000035e+05
1.140600000000000058e+01 2.149656000000000058e+05
1.142300000000000004e+01 2.129480400000000081e+05
1.143900000000000006e+01 2.109253199999999779e+05
1.145500000000000007e+01 2.089129200000000128e+05
1.147199999999999953e+01 2.069159999999999709e+05
1.148799999999999955e+01 2.049293999999999942e+05
1.150399999999999956e+01 2.029427999999999884e+05
1.152100000000000080e+01 2.009562000000000116e+05
1.153700000000000081e+01 1.989695999999999767e+05
1.155300000000000082e+01 1.969933200000000070e+05
1.157000000000000028e+01 1.950325199999999895e+05
1.158600000000000030e+01 1.930768800000000047e+05
1.160200000000000031e+01 1.911263999999999942e+05
1.161899999999999977e+01 1.891810800000000163e+05
1.163499999999999979e+01 1.872254399999999732e+05
1.165099999999999980e+01 1.852904400000000314e+05
1.166799999999999926e+01 1.833657599999999802e+05
1.168399999999999928e+01 1.814514000000000233e+05
1.169999999999999929e+01 1.795422000000000116e+05
1.171700000000000053e+01 1.776330000000000000e+05
1.173300000000000054e+01 1.757186400000000140e+05
1.174900000000000055e+01 1.738197600000000093e+05
1.176600000000000001e+01 1.719363600000000151e+05
1.178200000000000003e+01 1.700684400000000023e+05
1.179800000000000004e+01 1.681953599999999860e+05
1.181499999999999950e+01 1.663274400000000023e+05
1.183099999999999952e+01 1.644543599999999860e+05
1.184800000000000075e+01 1.626019199999999837e+05
1.186400000000000077e+01 1.607701199999999953e+05
1.188000000000000078e+01 1.589383200000000070e+05
1.189700000000000024e+01 1.571168399999999965e+05
1.191300000000000026e+01 1.552902000000000116e+05
1.192900000000000027e+01 1.534687200000000012e+05
1.194599999999999973e+01 1.516575599999999977e+05
1.196199999999999974e+01 1.498722000000000116e+05
1.197799999999999976e+01 1.480920000000000000e+05
1.199499999999999922e+01 1.463118000000000175e+05
1.201099999999999923e+01 1.445367600000000093e+05
1.202699999999999925e+01 1.427668800000000047e+05
1.204400000000000048e+01 1.410021600000000035e+05
1.206000000000000050e+01 1.392683999999999942e+05
1.207600000000000051e+01 1.375346400000000140e+05
1.209299999999999997e+01 1.358112000000000116e+05
1.210899999999999999e+01 1.340826000000000058e+05
1.212500000000000000e+01 1.323643200000000070e+05
1.214199999999999946e+01 1.306511999999999971e+05
1.215799999999999947e+01 1.289690399999999936e+05
1.217399999999999949e+01 1.272920399999999936e+05
1.219100000000000072e+01 1.256201999999999971e+05
1.220700000000000074e+01 1.239483600000000006e+05
1.222300000000000075e+01 1.222765199999999895e+05
1.224000000000000021e+01 1.206253199999999924e+05
1.225600000000000023e+01 1.189999199999999983e+05
1.227200000000000024e+01 1.173796800000000076e+05
1.228899999999999970e+01 1.157594400000000023e+05
1.230499999999999972e+01 1.141443599999999860e+05
1.232099999999999973e+01 1.125241199999999953e+05
1.233799999999999919e+01 1.109399999999999854e+05
1.235399999999999920e+01 1.093713600000000006e+05
1.236999999999999922e+01 1.078078799999999901e+05
1.238700000000000045e+01 1.062495600000000122e+05
1.240300000000000047e+01 1.046912400000000052e+05
1.241900000000000048e+01 1.031225999999999913e+05
1.243599999999999994e+01 1.016055599999999977e+05
1.245199999999999996e+01 1.000988399999999965e+05
1.246799999999999997e+01 9.859211999999999534e+04
1.248499999999999943e+01 9.709572000000000116e+04
1.250099999999999945e+01 9.559931999999999243e+04
1.251699999999999946e+01 9.409260000000000582e+04
1.253400000000000070e+01 9.263747999999999593e+04
1.255000000000000071e+01 9.119268000000000757e+04
1.256600000000000072e+01 8.975303999999999360e+04
1.258300000000000018e+01 8.831855999999999767e+04
1.259900000000000020e+01 8.688407999999998719e+04
1.261500000000000021e+01 8.545475999999999476e+04
1.263199999999999967e+01 8.405639999999999418e+04
1.264799999999999969e+01 8.267867999999999302e+04
1.266399999999999970e+01 8.130095999999999185e+04
1.268099999999999916e+01 7.993355999999999767e+04
1.269699999999999918e+01 7.856100000000000000e+04
1.271299999999999919e+01 7.720391999999999825e+04
1.273000000000000043e+01 7.586748000000001048e+04
1.274600000000000044e+01 7.455683999999999651e+04
1.276200000000000045e+01 7.325136000000000058e+04
1.277899999999999991e+01 7.195103999999999360e+04
1.279499999999999993e+01 7.064555999999999767e+04
1.281099999999999994e+01 6.935555999999999767e+04
1.282799999999999940e+01 6.809136000000000058e+04
1.284399999999999942e+01 6.685296000000000640e+04
1.285999999999999943e+01 6.561455999999999767e+04
1.287700000000000067e+01 6.438131999999999971e+04
1.289300000000000068e+01 6.314291999999999825e+04
1.290900000000000070e+01 6.192515999999999622e+04
1.292600000000000016e+01 6.073319999999999709e+04
1.294200000000000017e+01 5.956187999999999738e+04
1.295800000000000018e+01 5.840087999999999738e+04
1.297499999999999964e+01 5.723471999999999389e+04
1.299099999999999966e+01 5.606340000000000146e+04
1.300699999999999967e+01 5.491787999999999738e+04
1.302399999999999913e+01 5.380847999999999593e+04
1.303999999999999915e+01 5.270940000000000146e+04
1.305599999999999916e+01 5.161547999999999593e+04
1.307300000000000040e+01 5.052620399999999790e+04
1.308900000000000041e+01 4.942660800000000017e+04
1.310500000000000043e+01 4.834610399999999936e+04
1.312199999999999989e+01 4.731823199999999633e+04
1.313799999999999990e+01 4.629552000000000407e+04
1.315399999999999991e+01 4.527745199999999750e+04
1.317099999999999937e+01 4.425938400000000547e+04
1.318699999999999939e+01 4.323873599999999715e+04
1.320299999999999940e+01 4.222995599999999831e+04
1.322000000000000064e+01 4.127845199999999750e+04
1.323600000000000065e+01 4.033262399999999616e+04
1.325200000000000067e+01 3.938937599999999657e+04
1.326900000000000013e+01 3.844509599999999773e+04
1.328500000000000014e+01 3.750133200000000215e+04
1.330100000000000016e+01 3.656788799999999901e+04
1.331799999999999962e+01 3.569378399999999965e+04
1.333399999999999963e+01 3.482483999999999651e+04
1.334999999999999964e+01 3.395744399999999587e+04
1.336700000000000088e+01 3.308746800000000076e+04
1.338299999999999912e+01 3.221800799999999799e+04
1.339899999999999913e+01 3.136660799999999654e+04
1.341600000000000037e+01 3.056938800000000265e+04
1.343200000000000038e+01 2.977681200000000172e+04
1.344800000000000040e+01 2.898526800000000367e+04
1.346499999999999986e+01 2.819011199999999735e+04
1.348099999999999987e+01 2.738824799999999959e+04
1.349699999999999989e+01 2.662869600000000355e+04
1.351399999999999935e+01 2.590526400000000285e+04
1.352999999999999936e+01 2.519060399999999936e+04
1.354599999999999937e+01 2.447594399999999951e+04
1.356300000000000061e+01 2.375612399999999980e+04
1.357900000000000063e+01 2.301721199999999953e+04
1.359500000000000064e+01 2.235105599999999686e+04
1.361200000000000010e+01 2.170605599999999686e+04
1.362800000000000011e+01 2.106827999999999884e+04
1.364499999999999957e+01 2.042998799999999756e+04
1.366099999999999959e+01 1.978756799999999930e+04
1.367699999999999960e+01 1.911522000000000116e+04
1.369400000000000084e+01 1.853162399999999980e+04
1.371000000000000085e+01 1.796866799999999785e+04
1.372600000000000087e+01 1.740674399999999878e+04
1.374300000000000033e+01 1.684430400000000009e+04
1.375900000000000034e+01 1.627618800000000010e+04
1.377500000000000036e+01 1.569207600000000093e+04
1.379199999999999982e+01 1.517452800000000025e+04
1.380799999999999983e+01 1.468587599999999838e+04
1.382399999999999984e+01 1.419877200000000084e+04
1.384099999999999930e+01 1.371012000000000080e+04
1.385699999999999932e+01 1.321166400000000067e+04
1.387299999999999933e+01 1.271320800000000054e+04
1.389000000000000057e+01 1.226222400000000016e+04
1.390600000000000058e+01 1.184581199999999990e+04
1.392200000000000060e+01 1.142939999999999964e+04
1.393900000000000006e+01 1.101092400000000089e+04
1.395500000000000007e+01 1.058006400000000031e+04
1.397100000000000009e+01 1.016107200000000012e+04
1.398799999999999955e+01 9.777167999999999665e+03
1.400399999999999956e+01 9.427835999999999331e+03
1.401999999999999957e+01 9.078503999999998996e+03
1.403700000000000081e+01 8.725043999999999869e+03
1.405300000000000082e+01 8.358167999999999665e+03
1.406900000000000084e+01 8.009867999999999483e+03
1.408600000000000030e+01 7.693559999999999491e+03
1.410200000000000031e+01 7.405631999999999607e+03
1.411800000000000033e+01 7.117188000000000102e+03
1.413499999999999979e+01 6.824615999999999985e+03
1.415099999999999980e+01 6.515532000000000153e+03
1.416699999999999982e+01 6.227088000000000648e+03
1.418399999999999928e+01 5.977859999999999673e+03
1.419999999999999929e+01 5.744627999999999702e+03
1.421599999999999930e+01 5.510364000000000487e+03
1.423300000000000054e+01 5.271455999999999221e+03
1.424900000000000055e+01 5.016706799999999930e+03
1.426500000000000057e+01 4.775683199999999488e+03
1.428200000000000003e+01 4.589407200000000557e+03
1.429800000000000004e+01 4.403079600000000028e+03
1.431400000000000006e+01 4.216081200000000536e+03
1.433099999999999952e+01 4.024799999999999727e+03
1.434699999999999953e+01 3.825624000000000251e+03
1.436299999999999955e+01 3.631040399999999863e+03
1.438000000000000078e+01 3.485167200000000321e+03
1.439600000000000080e+01 3.338932799999999588e+03
1.441200000000000081e+01 3.191718000000000302e+03
1.442900000000000027e+01 3.040891199999999571e+03
1.444500000000000028e+01 2.886504000000000360e+03
1.446100000000000030e+01 2.734438799999999901e+03
1.447799999999999976e+01 2.621486399999999776e+03
1.449399999999999977e+01 2.508172799999999825e+03
1.450999999999999979e+01 2.393724000000000160e+03
1.452699999999999925e+01 2.275921200000000226e+03
1.454299999999999926e+01 2.155590000000000146e+03
1.455899999999999928e+01 2.041760399999999890e+03
1.457600000000000051e+01 1.954246799999999894e+03
1.459200000000000053e+01 1.867249199999999973e+03
1.460800000000000054e+01 1.779322800000000143e+03
1.462500000000000000e+01 1.688764799999999923e+03
1.464100000000000001e+01 1.594027199999999993e+03
1.465700000000000003e+01 1.513118400000000065e+03
1.467399999999999949e+01 1.444903200000000197e+03
1.468999999999999950e+01 1.378906799999999976e+03
1.470599999999999952e+01 1.312084800000000087e+03
1.472300000000000075e+01 1.242889199999999846e+03
1.473900000000000077e+01 1.166985599999999977e+03
1.475500000000000078e+01 1.110173999999999978e+03
1.477200000000000024e+01 1.058780400000000100e+03
1.478800000000000026e+01 1.008831599999999980e+03
1.480400000000000027e+01 9.582119999999999891e+02
1.482099999999999973e+01 9.060443999999999960e+02
1.483699999999999974e+01 8.466011999999999489e+02
1.485299999999999976e+01 8.055276000000000067e+02
1.486999999999999922e+01 7.684271999999999707e+02
1.488599999999999923e+01 7.311720000000000255e+02
1.490199999999999925e+01 6.934008000000000038e+02
1.491900000000000048e+01 6.542364000000000033e+02
1.493500000000000050e+01 6.119243999999999915e+02
1.495100000000000051e+01 5.799324000000000296e+02
1.496799999999999997e+01 5.523264000000000351e+02
1.498399999999999999e+01 5.244107999999999947e+02
1.500000000000000000e+01 4.961494799999999827e+02
1.501699999999999946e+01 4.666445999999999685e+02
1.503299999999999947e+01 4.368043200000000184e+02
1.504899999999999949e+01 4.122323999999999842e+02
1.506600000000000072e+01 3.917265600000000063e+02
1.508200000000000074e+01 3.713858399999999733e+02
1.509800000000000075e+01 3.503124000000000251e+02
1.511500000000000021e+01 3.280985999999999763e+02
1.513100000000000023e+01 3.071902800000000298e+02
1.514700000000000024e+01 2.892644399999999791e+02
1.516399999999999970e+01 2.740940400000000068e+02
1.517999999999999972e+01 2.589184799999999882e+02
1.519599999999999973e+01 2.437480799999999874e+02
1.521299999999999919e+01 2.272515600000000120e+02
1.522899999999999920e+01 2.120450400000000286e+02
1.524499999999999922e+01 1.992637200000000064e+02
1.526200000000000045e+01 1.886805600000000140e+02
1.527800000000000047e+01 1.777207200000000000e+02
1.529400000000000048e+01 1.663893600000000106e+02
1.531099999999999994e+01 1.541704799999999977e+02
1.532699999999999996e+01 1.431899999999999977e+02
1.534299999999999997e+01 1.346037599999999941e+02
1.535999999999999943e+01 1.270185599999999937e+02
1.537599999999999945e+01 1.194333600000000075e+02
1.539199999999999946e+01 1.115230800000000073e+02
1.540900000000000070e+01 1.028336399999999884e+02
1.542500000000000071e+01 9.475824000000000069e+01
1.544200000000000017e+01 8.931959999999999411e+01
1.545800000000000018e+01 8.426280000000001280e+01
1.547400000000000020e+01 7.883964000000000283e+01
1.549099999999999966e+01 7.308624000000000365e+01
1.550699999999999967e+01 6.718836000000000297e+01
1.552299999999999969e+01 6.169811999999999585e+01
1.553999999999999915e+01 5.790552000000000277e+01
1.555599999999999916e+01 5.410775999999999897e+01
1.557199999999999918e+01 5.063146799999999814e+01
1.558900000000000041e+01 4.681977600000000450e+01
1.560500000000000043e+01 4.273047599999999591e+01
1.562100000000000044e+01 3.903023999999999916e+01
1.563799999999999990e+01 3.650132400000000388e+01
1.565399999999999991e+01 3.397240800000000149e+01
1.566999999999999993e+01 3.144349199999999911e+01
1.568699999999999939e+01 2.891457600000000028e+01
1.570299999999999940e+01 2.638566000000000145e+01
1.571899999999999942e+01 2.385674399999999906e+01
1.573600000000000065e+01 2.213072399999999718e+01
1.575200000000000067e+01 2.044495200000000068e+01
1.576800000000000068e+01 1.875866399999999956e+01
1.578500000000000014e+01 1.707289199999999951e+01
1.580100000000000016e+01 1.541034000000000148e+01
1.581700000000000017e+01 1.414562400000000153e+01
1.583399999999999963e+01 1.288142399999999910e+01
1.584999999999999964e+01 1.187264399999999931e+01
1.586599999999999966e+01 1.086850800000000028e+01
1.588299999999999912e+01 9.604307999999999623e+00
1.589899999999999913e+01 8.339591999999999672e+00
1.591499999999999915e+01 7.862291999999999170e+00
1.593200000000000038e+01 7.141956000000000415e+00
1.594800000000000040e+01 6.503664000000000556e+00
1.596400000000000041e+01 5.972183999999999493e+00
1.598099999999999987e+01 5.144519999999999982e+00
1.599699999999999989e+01 4.723051199999999561e+00
1.601300000000000168e+01 4.301530800000000099e+00
1.603000000000000114e+01 3.880061999999999678e+00
1.604599999999999937e+01 3.458593199999999701e+00
1.606200000000000117e+01 3.037124400000000168e+00
1.607900000000000063e+01 2.615655600000000192e+00
1.609499999999999886e+01 2.194186800000000215e+00
1.611100000000000065e+01 2.064000000000000057e+00
1.612800000000000011e+01 1.867197599999999902e+00
1.614399999999999835e+01 1.547999999999999821e+00
1.616000000000000014e+01 1.540259999999999962e+00
1.617699999999999960e+01 1.118791199999999986e+00
1.619300000000000139e+01 1.032000000000000028e+00
1.620899999999999963e+01 1.032000000000000028e+00
1.622599999999999909e+01 8.863332000000000432e-01
1.624200000000000088e+01 5.160000000000000142e-01
1.625799999999999912e+01 5.160000000000000142e-01
1.627499999999999858e+01 5.160000000000000142e-01
1.629100000000000037e+01 5.160000000000000142e-01
1.630699999999999861e+01 5.160000000000000142e-01
1.632400000000000162e+01 5.160000000000000142e-01
1.633999999999999986e+01 5.160000000000000142e-01
