1.318299999999999805e+01 5.533395384347777890e-02
1.327080050681394852e+01 5.557368143500666241e-02
1.335918577650408423e+01 5.581500564369656914e-02
1.344815970366775559e+01 5.605793710322688056e-02
1.353772620884085320e+01 5.630248651809877103e-02
1.362788923867053725e+01 5.654866466410674031e-02
1.371865276608915352e+01 5.679648238881348371e-02
1.381002079048930042e+01 5.704595061202789169e-02
1.390199733790006675e+01 5.729708032628624825e-02
1.399458646116440619e+01 5.754988259733653105e-02
1.408779224011774467e+01 5.780436856462604911e-02
1.418161878176773882e+01 5.806094855950633821e-02
1.427607022047527252e+01 5.832010838277142117e-02
1.437115071813659917e+01 5.858099424440627034e-02
1.446686446436674700e+01 5.884361764005250489e-02
1.456321567668412698e+01 5.910799014191420869e-02
1.466020860069639298e+01 5.937412339926794597e-02
1.475784751028748509e+01 5.964202913897591329e-02
1.485613670780597140e+01 5.991171916600274844e-02
1.495508052425462431e+01 6.018320536393571146e-02
1.505468331948127769e+01 6.045649969550833530e-02
1.515494948237090611e+01 6.073518389857582994e-02
1.525588343103903632e+01 6.102306573117813326e-02
1.535748961302641646e+01 6.131286489449457727e-02
1.545977250549502635e+01 6.160459415819893175e-02
1.556273661542530284e+01 6.189826637701256740e-02
1.566638647981476851e+01 6.219389449127102343e-02
1.577072666587794458e+01 6.249149152749412794e-02
1.587576177124761223e+01 6.279107059896012200e-02
1.598149642417737581e+01 6.309264490628332944e-02
1.608793528374561532e+01 6.339622773799591382e-02
1.619508304006077637e+01 6.369674143847751935e-02
1.630294441446806530e+01 6.399910569615774314e-02
1.641152415975744816e+01 6.430348373940020235e-02
1.652082706037309734e+01 6.460988898028052763e-02
1.663085793262419543e+01 6.491833492020046559e-02
1.674162162489721339e+01 6.522883515048299996e-02
1.685312301786947842e+01 6.554140335297098385e-02
1.696536702472427294e+01 6.585605330063019902e-02
1.707835859136733347e+01 6.616149888165713533e-02
1.719210269664475632e+01 6.640630965021976362e-02
1.730660435256244511e+01 6.665275089056829638e-02
1.742186860450688002e+01 6.690083346185837776e-02
1.753790053146748207e+01 6.715056829556906304e-02
1.765470524626043414e+01 6.740196639598451667e-02
1.777228789575391232e+01 6.765503884067887441e-02
1.789065366109492672e+01 6.790979678100431127e-02
1.800980775793760102e+01 6.816625144258253721e-02
1.812975543667298695e+01 6.842478406605194408e-02
1.825050198266045953e+01 6.868511393175082136e-02
1.837205271646054783e+01 6.894717762845530007e-02
1.849441299406941752e+01 6.921098670370702532e-02
1.861758820715488838e+01 6.947655278195571937e-02
1.874158378329397578e+01 6.974388756507150788e-02
1.886640518621207718e+01 7.001300283286049364e-02
1.899205791602370752e+01 7.028391044358378581e-02
1.911854750947486536e+01 7.057281953933652874e-02
1.924587954018702973e+01 7.086474516548635361e-02
1.937405961890269879e+01 7.115861505454507130e-02
1.950309339373265516e+01 7.145444215555833700e-02
1.963298655040483709e+01 7.175223950381409699e-02
1.976374481251490067e+01 7.205202022141711515e-02
1.989537394177837371e+01 7.235379751786705227e-02
2.002787973828457169e+01 7.265564932794579822e-02
2.016126804075214807e+01 7.295707532198210388e-02
2.029554472678642796e+01 7.326050885262190560e-02
2.043071571313832280e+01 7.356596329032187576e-02
2.056678695596508888e+01 7.387345209458777429e-02
2.070376445109276276e+01 7.418298881456740490e-02
2.084165423428039432e+01 7.449458708964766529e-02
2.098046238148595677e+01 7.476756323716596264e-02
2.112019500913409686e+01 7.494617130231144564e-02
2.126085827438565445e+01 7.512596892056627729e-02
2.140245837540898677e+01 7.530696401451000832e-02
2.154500155165304065e+01 7.548916455948759263e-02
2.168849408412231483e+01 7.567257858396080061e-02
2.183294229565362699e+01 7.585721416986201948e-02
2.197835255119469977e+01 7.603517656835073746e-02
2.212473125808467600e+01 7.620583663865808377e-02
2.227208486633638174e+01 7.637763332738807531e-02
2.242041986892057892e+01 7.655057420456828909e-02
2.256974280205209382e+01 7.672466689064372236e-02
2.272006024547776804e+01 7.689991905681244078e-02
2.287137882276642742e+01 7.707633842536376623e-02
2.302370520160073752e+01 7.725298456489963772e-02
2.317704609407099170e+01 7.743076381528070373e-02
2.333140825697091358e+01 7.760972709875627040e-02
2.348679849209533188e+01 7.778988230114179669e-02
2.364322364653991215e+01 7.797123736077336831e-02
2.380069061300291366e+01 7.815380026885741793e-02
2.395920633008883271e+01 7.832025435651743250e-02
2.411877778261418825e+01 7.848061923654688077e-02
2.427941200191530058e+01 7.864205216768321849e-02
2.444111606615808796e+01 7.880456026328665209e-02
2.460389710065002689e+01 7.896815068409342164e-02
2.476776227815403431e+01 7.913283063853114585e-02
2.493271881920456678e+01 7.929424473963761488e-02
2.509877399242582641e+01 7.945486523592837358e-02
2.526593511485195975e+01 7.961655548576378194e-02
2.543420955224954483e+01 7.977932261384254597e-02
2.560360471944212080e+01 7.994317379231484499e-02
2.577412808063690619e+01 8.010811624109830109e-02
2.594578714975376599e+01 8.027876601470421147e-02
2.611858949075621084e+01 8.045092843303155994e-02
2.629254271798473752e+01 8.062423747561617282e-02
2.646765449649239699e+01 8.079870077912580661e-02
2.664393254238244779e+01 8.097432603108942195e-02
2.682138462314842187e+01 8.122872996879601515e-02
2.700001855801638229e+01 8.161873390177311338e-02
2.717984221828943703e+01 8.201133531202961513e-02
2.736086352769465435e+01 8.240655149910448840e-02
2.754309046273211692e+01 8.280439987775384258e-02
2.772653105302646281e+01 8.320513797000560208e-02
2.791119338168066832e+01 8.369175527656590174e-02
2.809708558563223590e+01 8.418161351812887550e-02
2.828421585601177313e+01 8.467473427974622768e-02
2.847259243850384181e+01 8.517113929022880614e-02
2.866222363371035442e+01 8.567085042310421117e-02
2.885311779751635797e+01 8.616945185965325937e-02
2.904528334145813773e+01 8.667044799725495685e-02
2.923872873309394294e+01 8.717478083475756201e-02
2.943346249637705014e+01 8.768247259501942004e-02
2.962949321203138453e+01 8.819354564890609371e-02
2.982682951792964943e+01 8.828568005652556727e-02
3.002548010947386814e+01 8.828514535873155378e-02
3.022545373997859031e+01 8.828460709978017129e-02
3.042675922105662423e+01 8.828406525595369758e-02
3.062940542300722413e+01 8.828351980337634242e-02
3.083340127520702367e+01 8.799799726408319422e-02
3.103875576650347057e+01 8.770396305526438618e-02
3.124547794561089376e+01 8.740797054009992462e-02
3.145357692150930262e+01 8.711000667601302705e-02
3.166306186384564825e+01 8.681111150834631973e-02
3.187394200333793748e+01 8.651292582683804688e-02
3.208622663218201865e+01 8.621275418963218751e-02
3.229992510446092524e+01 8.591058337000367917e-02
3.251504683655712569e+01 8.560640005313570333e-02
3.273160130756744479e+01 8.544063253846582995e-02
3.294959805972069233e+01 8.532542038825978448e-02
3.316904669879824752e+01 8.520944091004196974e-02
3.338995689455718718e+01 8.509268899330728331e-02
3.361233838115642669e+01 8.502709259722546209e-02
3.383620095758573143e+01 8.507644906686728792e-02
3.406155448809734310e+01 8.512613425706203052e-02
3.428840890264076791e+01 8.517615035713163585e-02
3.451677419730023644e+01 8.522649425339132168e-02
3.474666043473521881e+01 8.527692274812098683e-02
3.497807774462385311e+01 8.532768710323104799e-02
3.521103632410923012e+01 8.537878955559567717e-02
3.544554643824871931e+01 8.543023235698686546e-02
3.568161842046641397e+01 8.548224011280528001e-02
3.591926267300822673e+01 8.553463512014961023e-02
3.615848966740050940e+01 8.558737908510599679e-02
3.639930994491129468e+01 8.564047433177776614e-02
3.664173411701483474e+01 8.569390737303822503e-02
3.688577286585924497e+01 8.574769196765619217e-02
3.713143694473709644e+01 8.580183477471943487e-02
3.737873717855929812e+01 8.585633817996977946e-02
3.762768446433210556e+01 8.585932039769579582e-02
3.787828977163722755e+01 8.585164254407399997e-02
3.813056414311530062e+01 8.584391355494137843e-02
3.838451869495231250e+01 8.583613308972873335e-02
3.864016461736951413e+01 8.573610121238997572e-02
3.889751317511657902e+01 8.563336948890905298e-02
3.915657570796778231e+01 8.552995355869312533e-02
3.941736363122185338e+01 8.542584886483572948e-02
3.967988843620486250e+01 8.532105082008074881e-02
3.994416169077661749e+01 8.521555480662046378e-02
4.021019503984044974e+01 8.510935617589178437e-02
4.047800020585620473e+01 8.500222510146281107e-02
4.074758898935685636e+01 8.489419705161840857e-02
4.101897326946851763e+01 8.478544952081167041e-02
4.129216500443378379e+01 8.467597771720512811e-02
4.156717623213874901e+01 8.453181828907686823e-02
4.184401907064337678e+01 8.438582747645928528e-02
4.212270571871549407e+01 8.423886434590666106e-02
4.240324845636838802e+01 8.404630108150359935e-02
4.268565964540175628e+01 8.380350635396795200e-02
4.296995172994652989e+01 8.355909458174376470e-02
4.325613723701324886e+01 8.331305125192342564e-02
4.354422877704383410e+01 8.306531355283383600e-02
4.383423904446755870e+01 8.281592588821765077e-02
4.412618081826017402e+01 8.256487726908832980e-02
4.442006696250707876e+01 8.231198156704545854e-02
4.471591042697022544e+01 8.205733355300749710e-02
4.501372424765862235e+01 8.180098954984021953e-02
4.531352154740280014e+01 8.154305096375681627e-02
4.561531553643314396e+01 8.128353015855195596e-02
4.591911951296176397e+01 8.102228091079036187e-02
4.622494686376873574e+01 8.074562447486463568e-02
4.653281106479177964e+01 8.042690269946344006e-02
4.684272568172010409e+01 8.010605819528941740e-02
4.715470437059227748e+01 7.973775561392076883e-02
4.746876087839778080e+01 7.904487601559917476e-02
4.778490904368285186e+01 7.834738174839399327e-02
4.810316279716037258e+01 7.764498641695080638e-02
4.842353616232340840e+01 7.693339804754083244e-02
4.874604325606349420e+01 7.621707040638103781e-02
4.907069828929243016e+01 7.549601246052646542e-02
4.939751556756854001e+01 7.477095517876072850e-02
4.972650949172710710e+01 7.404106892052464417e-02
5.005769455851481098e+01 7.330620337286113120e-02
5.039108536122854787e+01 7.256535765754661138e-02
5.072669659035857848e+01 7.181957781272615970e-02
5.106454303423558372e+01 7.106915862292556563e-02
5.140463957968263742e+01 7.031499133787420808e-02
5.174700121267092356e+01 6.955580119991754129e-02
5.209164301898012184e+01 6.881824834326921714e-02
5.243858018486329087e+01 6.812146580724616485e-02
5.278782799771582290e+01 6.742004260826307827e-02
5.313940184674917333e+01 6.681369690163743713e-02
5.349331722366907371e+01 6.627393826291688717e-02
5.384958972335784466e+01 6.573058476096067804e-02
5.420823504456197384e+01 6.526917673233166572e-02
5.456926899058353797e+01 6.481976748916923325e-02
5.493270746997666265e+01 6.436731834698036780e-02
5.529856649724865747e+01 6.391161630782435377e-02
5.566686219356535048e+01 6.345287923339616720e-02
5.603761078746182989e+01 6.299101834285208978e-02
5.641082861555725003e+01 6.252601959865582149e-02
5.678653212327479594e+01 6.205792390191400970e-02
5.716473786556639425e+01 6.158657947693982337e-02
5.754546250764204274e+01 6.111208630421471194e-02
5.792872282570422016e+01 6.063470105894804701e-02
5.831453570768722727e+01 6.015456670870100025e-02
5.870291815400101854e+01 5.967123460078957442e-02
5.909388727828070387e+01 5.918656501306884116e-02
5.948746030814032792e+01 5.869893306618220036e-02
5.988365458593209922e+01 5.828149593012960789e-02
6.028248756951067122e+01 5.796632938147520953e-02
6.068397683300218404e+01 5.764906378232374090e-02
6.108814006757877024e+01 5.738637877643332913e-02
6.149499508223820499e+01 5.712280764218587159e-02
6.190455980458830965e+01 5.686314800654179713e-02
6.231685228163733825e+01 5.660556904167574066e-02
6.273189068058884743e+01 5.634613542538355335e-02
6.314969328964236439e+01 5.608454901022216083e-02
6.357027851879931291e+01 5.582122039527111917e-02
6.399366490067403390e+01 5.555630596472015820e-02
6.441987109131051170e+01 5.528963901745976434e-02
6.484891587100457855e+01 5.502104777710789540e-02
6.528081814513102188e+01 5.475058898666416984e-02
6.571559694497716464e+01 5.447860726659405767e-02
6.615327142858106413e+01 5.420521605718300884e-02
6.659386088157580730e+01 5.393240957149158382e-02
6.703738471803943355e+01 5.366764764251669845e-02
6.748386248135018661e+01 5.340121862267025593e-02
6.793331384504773496e+01 5.313922258966598255e-02
6.838575861370030395e+01 5.287548162876353625e-02
6.884121672377682444e+01 5.261203514698025580e-02
6.929970824452601619e+01 5.234714878977024533e-02
6.976125337886024624e+01 5.208072883750958226e-02
7.022587246424595264e+01 5.181261267798262238e-02
7.069358597359985197e+01 5.154253654610638224e-02
7.116441451619088809e+01 5.127057120098751225e-02
7.163837883854839106e+01 5.099692533615227813e-02
7.211549982537648873e+01 5.072154551245535575e-02
7.259579850047387595e+01 5.044417814524803506e-02
7.307929602766077437e+01 5.016484495608172084e-02
7.356601371171107928e+01 4.988383303983210532e-02
7.405597299929127075e+01 4.960109389578357120e-02
7.454919547990557760e+01 4.932849380619596519e-02
7.504570288684689672e+01 4.906283261013993230e-02
7.554551709815495997e+01 4.880281920336343449e-02
7.604866013757997223e+01 4.854554889686229363e-02
7.655515417555317015e+01 4.829388480260368016e-02
7.706502153016393208e+01 4.804374396545508380e-02
7.757828466814287083e+01 4.779222989559258478e-02
7.809496620585197491e+01 4.753911830304689140e-02
7.861508891028135793e+01 4.728451694247587378e-02
7.913867570005196228e+01 4.702822761947385993e-02
7.966574964642603618e+01 4.677002500099516902e-02
8.019633397432328081e+01 4.651003088996148727e-02
8.073045206334441559e+01 4.624804770569793805e-02
8.126812744880152195e+01 4.598449956277076561e-02
8.180938382275473941e+01 4.571946143210835201e-02
8.235424503505650762e+01 4.545262333743358557e-02
8.290273509440253008e+01 4.518398600733641163e-02
8.345487816938930337e+01 4.492902311355712053e-02
8.401069858957960435e+01 4.467611221091328383e-02
8.457022084657414496e+01 4.443003405129939548e-02
8.513346959509088663e+01 4.419012049151489069e-02
8.570046965405158801e+01 4.396228763889813845e-02
8.627124600767513130e+01 4.373290586259178520e-02
8.684582380657857925e+01 4.350197957764916773e-02
8.742422836888557924e+01 4.326961980227286148e-02
8.800648518134147480e+01 4.303566720202640916e-02
8.859261990043697210e+01 4.280003563762696528e-02
8.918265835353822979e+01 4.256294424641816898e-02
8.977662654002502052e+01 4.232433612964794922e-02
9.037455063243652376e+01 4.208402682845012455e-02
9.097645697762433770e+01 4.184213658635316246e-02
9.158237209791350608e+01 4.159866682278358374e-02
9.219232269227147469e+01 4.135304264930711460e-02
9.280633563748394010e+01 4.110482361625455994e-02
9.342443798933986443e+01 4.085167458577178279e-02
9.404665698382309813e+01 4.059550952105226568e-02
9.467302003831271406e+01 4.033599476302190262e-02
9.530355475279128541e+01 4.006476676954213306e-02
9.593828891106072376e+01 3.979169188295821752e-02
9.657725048196675743e+01 3.951674676682390835e-02
9.722046762063128256e+01 3.923920453575645978e-02
9.786796866969294229e+01 3.896022303551325422e-02
9.851978216055623250e+01 3.867974378682520475e-02
9.917593681464836664e+01 3.839661913781457214e-02
9.983646154468505074e+01 3.811198596284647716e-02
1.005013854559446571e+02 3.782571174132579733e-02
1.011707378475501571e+02 3.753701764399936663e-02
1.018445482137608451e+02 3.724689355098451810e-02
1.025228462452716229e+02 3.695509558045680099e-02
1.032056618305210094e+02 3.666129863307667630e-02
1.038930250570088702e+02 3.636504116461809766e-02
1.045849662126213246e+02 3.606692160417962478e-02
1.052815157869660965e+02 3.576721529538665068e-02
1.059827044727157102e+02 3.549143477433493871e-02
1.066885631669595682e+02 3.522535367787421601e-02
1.073991229725661611e+02 3.496599056217498253e-02
1.081144151995527523e+02 3.470871668020767548e-02
1.088344713664657348e+02 3.445316588898900134e-02
1.095593232017690184e+02 3.419597841727146925e-02
1.102890026452423768e+02 3.393688346120658783e-02
1.110235418493883657e+02 3.367666547052396847e-02
1.117629731808498406e+02 3.341471439393794984e-02
1.125073292218353345e+02 3.315001010862768382e-02
1.132566427715554340e+02 3.288307762466863293e-02
1.140109468476678387e+02 3.261508113585762092e-02
1.147702746877317566e+02 3.234608151855259545e-02
1.155346597506734128e+02 3.207529032856057394e-02
1.163041357182593458e+02 3.180273213951159000e-02
1.170787364965814845e+02 3.152823814533817215e-02
1.178584962175507229e+02 3.125127689922164304e-02
1.186434492404006136e+02 3.099958681273704345e-02
1.194336301532021736e+02 3.075019676507744631e-02
1.202290737743870466e+02 3.050764840642877437e-02
1.210298151542825167e+02 3.027419451589271129e-02
1.218358895766555605e+02 3.004732822682242011e-02
1.226473325602677420e+02 2.981810607496673815e-02
1.234641798604399128e+02 2.958810378737396218e-02
1.242864674706284944e+02 2.935619041922279959e-02
1.251142316240105572e+02 2.912266269350208617e-02
1.259475087950812622e+02 2.888767148543767982e-02
1.267863357012606826e+02 2.865107675470232249e-02
1.276307493045113262e+02 2.841297185627429320e-02
1.284807868129677502e+02 2.817319775131698137e-02
1.293364856825750167e+02 2.780900995557399405e-02
1.301978836187400930e+02 2.757936420173745518e-02
1.310650185779929302e+02 2.734818897709949403e-02
1.319379287696584413e+02 2.711547409518431581e-02
1.328166526575412831e+02 2.688120930167271078e-02
1.337012289616195346e+02 2.664538427395048842e-02
1.345916966597517614e+02 2.640798862065340744e-02
1.354880949893940567e+02 2.616901188120939956e-02
1.363904634493293031e+02 2.592844352537758065e-02
1.372988418014070930e+02 2.568627295278437875e-02
1.382132700722961829e+02 2.544248949245631400e-02
1.391337885552484579e+02 2.519708240234977761e-02
1.400604378118740101e+02 2.495004086887776459e-02
1.409932586739287217e+02 2.470135400643332091e-02
1.419322922451129614e+02 2.448695180302928875e-02
1.428775799028832409e+02 2.428473602818209329e-02
1.438291633002755532e+02 2.408117346978658549e-02
1.447870843677404196e+02 2.387625515808793064e-02
1.457513853149908698e+02 2.366997206359150105e-02
1.467221086328616479e+02 2.346231509666515946e-02
1.476992970951826294e+02 2.325327510713849979e-02
1.486829937606624128e+02 2.304284288389991248e-02
1.496732419747866913e+02 2.283100915449046836e-02
1.506700853717275947e+02 2.261776458469549889e-02
1.516735678762667590e+02 2.240309977813319600e-02
1.526837337057302477e+02 2.218700527584068632e-02
1.537006273719373439e+02 2.196947155585717015e-02
1.547242936831621876e+02 2.175048903280426757e-02
1.557547777461077203e+02 2.153004805746376593e-02
1.567921249678935851e+02 2.130813891635235935e-02
1.578363810580565314e+02 2.108475183129372710e-02
1.588875920305647753e+02 2.087731990332171786e-02
1.599458042058458318e+02 2.069737265193895975e-02
1.610110642128273355e+02 2.051622692829106753e-02
1.620834189909916745e+02 2.033387475039575079e-02
1.631629157924439824e+02 2.015030808310974003e-02
1.642496021839951652e+02 1.996551883777456307e-02
1.653435260492567238e+02 1.977949887186031958e-02
1.664447355907517760e+02 1.959223998860671126e-02
1.675532793320383291e+02 1.940373393666198348e-02
1.686692061198478712e+02 1.921397240971925435e-02
1.697925651262371787e+02 1.902294704615061643e-02
1.709234058507553300e+02 1.883064942863862598e-02
1.720617781226252703e+02 1.863707108380533925e-02
1.732077321029389054e+02 1.844220348183902777e-02
1.743613182868677427e+02 1.824603803611829153e-02
1.755225875058874294e+02 1.804856610283374699e-02
1.766915909300178669e+02 1.784977898060711304e-02
1.778683800700783593e+02 1.765103964180952945e-02
1.790530067799568030e+02 1.749193522813179830e-02
1.802455232588950480e+02 1.733177115821818437e-02
1.814459820537882990e+02 1.717054037461938562e-02
1.826544360615009737e+02 1.700823577288255659e-02
1.838709385311979077e+02 1.684485020123821855e-02
1.850955430666901691e+02 1.668037646028518520e-02
1.863283036287974141e+02 1.651480730267330943e-02
1.875692745377248514e+02 1.634813543278419712e-02
1.888185104754581687e+02 1.618035350640959630e-02
1.900760664881714206e+02 1.601145413042796145e-02
1.913419979886540148e+02 1.584142986247850243e-02
1.926163607587515685e+02 1.567027321063337725e-02
1.938992109518243296e+02 1.549797663306747703e-02
1.951906050952208602e+02 1.532453253772621433e-02
1.964906000927692560e+02 1.514993328199092278e-02
1.977992532272849644e+02 1.497417117234203961e-02
1.991166221630943483e+02 1.479723846402017720e-02
2.004427649485758423e+02 1.464603285300768339e-02
2.017777400187173669e+02 1.450608644943434875e-02
2.031216061976914489e+02 1.436520798448194872e-02
2.044744227014477360e+02 1.422339125049958998e-02
2.058362491403217120e+02 1.408062999849262267e-02
2.072071455216616016e+02 1.393691793784726692e-02
2.085871722524719019e+02 1.379224873605349073e-02
2.099763901420764682e+02 1.364661601842582367e-02
2.113748604047963511e+02 1.350001336782265249e-02
2.127826446626486927e+02 1.335243432436328606e-02
2.141998049480610860e+02 1.320387238514340172e-02
2.156264037066054584e+02 1.305432100394847070e-02
2.170625037997489528e+02 1.290377359096535510e-02
2.185081685076243332e+02 1.275222351249189791e-02
2.199634615318188082e+02 1.259966409064458039e-02
2.214284469981802488e+02 1.244608860306431128e-02
2.229031894596433006e+02 1.229149028262020195e-02
2.243877538990731466e+02 1.214844276305641901e-02
2.258822057321294210e+02 1.202809066365865057e-02
2.273866108101489942e+02 1.190693700351422475e-02
2.289010354230471194e+02 1.178497644412356687e-02
2.304255463022387005e+02 1.166220361143198783e-02
2.319602106235782628e+02 1.153861309559292038e-02
2.335050960103201874e+02 1.141419945072951955e-02
2.350602705360991820e+02 1.128895719469463939e-02
2.366258027279289422e+02 1.116288080882934727e-02
2.382017615692223842e+02 1.103596473771968102e-02
2.397882165028301813e+02 1.090820338895197653e-02
2.413852374341025211e+02 1.077959113286625949e-02
2.429928947339673471e+02 1.065012230230837943e-02
2.446112592420329577e+02 1.051979119238012975e-02
2.462404022697085395e+02 1.038859206018795389e-02
2.478803956033467841e+02 1.025651912458985446e-02
2.495313115074063717e+02 1.012356656594071147e-02
2.511932227276368224e+02 9.989790865671872855e-03
2.528662024942843232e+02 9.887423252015102582e-03
2.545503245253178761e+02 9.784373856642453876e-03
2.562456630296780418e+02 9.680638138798382600e-03
2.579522927105460894e+02 9.576211527485343003e-03
2.596702887686363965e+02 9.471089421262344696e-03
2.613997269055103061e+02 9.365267188042177351e-03
2.631406833269113577e+02 9.258740164887325694e-03
2.648932347461234826e+02 9.151503657804493236e-03
2.666574583873504025e+02 9.043552941537814568e-03
2.684334319891201517e+02 8.934883259360542826e-03
2.702212338077085292e+02 8.825489822865569683e-03
2.720209426205892100e+02 8.715367811754319918e-03
2.738326377299037517e+02 8.604512373624417787e-03
2.756563989659568392e+02 8.492918623755825111e-03
2.774923066907327893e+02 8.380581644895671381e-03
2.793404418014371799e+02 8.267496487041539957e-03
2.812008857340622967e+02 8.153658167223307510e-03
2.830737204669744074e+02 8.058055725914654507e-03
2.849590285245267296e+02 7.971721739076139887e-03
2.868568929806949654e+02 7.884812756576568479e-03
2.887673974627383586e+02 7.797324948869534603e-03
2.906906261548851944e+02 7.709254460903323773e-03
2.926266638020414348e+02 7.620597411951088480e-03
2.945755957135256722e+02 7.531349895439812259e-03
2.965375077668265931e+02 7.441507978778238129e-03
2.985124864113896592e+02 7.351067703183476049e-03
3.005006186724235704e+02 7.260025083506683151e-03
3.025019921547373087e+02 7.168376108057356207e-03
3.045166950465993523e+02 7.076116738426613609e-03
3.065448161236226383e+02 6.983242909309279531e-03
3.085864447526786307e+02 6.889750528324658368e-03
3.106416708958325330e+02 6.795635475836322124e-03
3.127105851143096515e+02 6.700893604770475319e-03
3.147932785724846667e+02 6.605520740433286873e-03
3.168898430418990984e+02 6.517382773231684794e-03
3.190003709053045213e+02 6.445908016303836079e-03
3.211249551607335775e+02 6.373957228132527165e-03
3.232636894255987272e+02 6.301527238287312101e-03
3.254166679408162395e+02 6.228614855222273580e-03
3.275839855749596268e+02 6.155216866135369835e-03
3.297657378284388869e+02 6.081330036826895075e-03
3.319620208377091899e+02 6.006951111556954603e-03
3.341729313795078156e+02 5.932076812901974569e-03
3.363985668751174671e+02 5.856703841610320926e-03
3.386390253946595976e+02 5.780828876456904457e-03
3.408944056614145097e+02 5.704448574096873323e-03
3.431648070561740269e+02 5.627559568918213614e-03
3.454503296216174704e+02 5.550158472893544116e-03
3.477510740667226514e+02 5.472241875430741004e-03
3.500671417712019888e+02 5.393806343222702117e-03
3.523986347899704015e+02 5.314848420096037439e-03
3.547456558576413386e+02 5.235364626858810683e-03
3.571083083930540170e+02 5.176321348752871421e-03
3.594866965038315243e+02 5.117475824071862633e-03
3.618809249909669461e+02 5.058238380488425112e-03
3.642910993534420641e+02 4.998606407771322840e-03
3.667173257928751013e+02 4.938577278304854407e-03
3.691597112182007550e+02 4.878148346973056743e-03
3.716183632503820604e+02 4.817316951043129972e-03
3.740933902271515308e+02 4.756080410048128468e-03
3.765849012077852649e+02 4.694436025668844402e-03
3.790930059779075236e+02 4.632381081614933213e-03
3.816178150543306629e+02 4.569912843505165648e-03
3.841594396899219532e+02 4.507028558747007592e-03
3.867179918785083714e+02 4.443725456415281369e-03
3.892935843598103247e+02 4.380000747130079371e-03
3.918863306244096520e+02 4.315851622933862368e-03
3.944963449187496849e+02 4.251275257167737298e-03
3.971237422501699825e+02 4.186268804346894579e-03
3.997686383919748891e+02 4.132026306817856293e-03
4.024311498885337528e+02 4.084124782073190671e-03
4.051113940604169557e+02 4.035904226899195493e-03
4.078094890095645155e+02 3.987362516511431219e-03
4.105255536244909536e+02 3.938497511974112415e-03
4.132597075855244384e+02 3.889307060105849385e-03
4.160120713700795818e+02 3.839788993384789153e-03
4.187827662579667276e+02 3.789941129853089449e-03
4.215719143367348352e+02 3.739761273020798978e-03
4.243796385070518795e+02 3.689247211769057250e-03
4.272060624881211766e+02 3.638396720252646925e-03
4.300513108231318711e+02 3.587207557801936394e-03
4.329155088847473394e+02 3.535677468824133685e-03
4.357987828806281527e+02 3.483804182703926708e-03
4.387012598589960817e+02 3.431585413703376261e-03
4.416230677142289665e+02 3.379018860861260874e-03
4.445643351924992430e+02 3.326102207891634081e-03
4.475251918974453815e+02 3.277033792843108816e-03
4.505057682958833993e+02 3.238223626509999405e-03
4.535061957235545833e+02 3.199154979385446934e-03
4.565266063909133436e+02 3.159826129953529402e-03
4.595671333889541188e+02 3.120235345232790988e-03
4.626279106950742062e+02 3.080380880699897742e-03
4.657090731789783717e+02 3.040260980212754639e-03
4.688107566086205225e+02 2.999873875933143849e-03
4.719330976561866464e+02 2.959217788248814842e-03
4.750762339041186237e+02 2.918290925695050161e-03
4.782403038511747013e+02 2.877091484875753287e-03
4.814254469185336802e+02 2.835617650383963611e-03
4.846318034559361081e+02 2.793867594721892618e-03
4.878595147478721401e+02 2.751839478220352055e-03
4.911087230198032216e+02 2.709531448957741041e-03
4.943795714444323721e+02 2.666941642678400878e-03
4.976722041480113035e+02 2.624068182710489333e-03
5.009867662166917057e+02 2.580909179883279000e-03
5.043234037029171759e+02 2.549138175226617342e-03
5.076822636318596551e+02 2.517917888821311848e-03
5.110634940078990098e+02 2.486489671219067020e-03
5.144672438211431427e+02 2.454852137570873519e-03
5.178936630539942598e+02 2.423003893804442314e-03
5.213429026877556680e+02 2.390943536562792002e-03
5.248151147092861493e+02 2.358669653142397241e-03
5.283104521176979915e+02 2.326180821430932563e-03
5.318290689310967991e+02 2.293475609844625434e-03
5.353711201933697339e+02 2.260552577265160026e-03
5.389367619810154793e+02 2.227410272976194580e-03
5.425261514100224076e+02 2.194047236599428168e-03
5.461394466427931320e+02 2.160461998030238119e-03
5.497768068951122586e+02 2.126653077372916284e-03
5.534383924431627975e+02 2.092618984875449072e-03
5.571243646305862285e+02 2.058358220863898934e-03
5.608348858755963420e+02 2.023869275676281037e-03
5.645701196781311637e+02 1.995181690236750086e-03
5.683302306270614963e+02 1.970400530993431272e-03
5.721153844074408426e+02 1.945454325983519799e-03
5.759257478078075110e+02 1.920341975980586818e-03
5.797614887275323099e+02 1.895062374437218953e-03
5.836227761842177415e+02 1.869614407436253050e-03
5.875097803211466498e+02 1.843996953641684590e-03
5.914226724147781624e+02 1.818208884249266884e-03
5.953616248822955868e+02 1.792249062936765490e-03
5.993268112892018280e+02 1.766116345813899952e-03
6.033184063569691489e+02 1.739809581371928610e-03
6.073365859707384971e+02 1.713327610432905995e-03
6.113815271870687411e+02 1.686669266098609742e-03
6.154534082417387708e+02 1.659833373699121876e-03
6.195524085575995059e+02 1.632818750741080053e-03
6.236787087524841127e+02 1.605624206855543919e-03
6.278324906471616487e+02 1.578248543745576320e-03
6.320139372733530081e+02 1.552743457279247329e-03
6.362232328817938196e+02 1.533200967074405769e-03
6.404605629503544151e+02 1.513528321324966296e-03
6.447261141922108436e+02 1.493724653177955827e-03
6.490200745640730702e+02 1.473789090007048344e-03
6.533426332744688807e+02 1.453720753374104129e-03
6.576939807920790599e+02 1.433518758990474365e-03
6.620743088541311181e+02 1.413182216678029492e-03
6.664838104748465639e+02 1.392710230329941663e-03
6.709226799539468402e+02 1.372101897871195715e-03
6.753911128852163301e+02 1.351356311218831043e-03
6.798893061651187963e+02 1.330472556241940607e-03
6.844174580014752109e+02 1.309449712721380684e-03
6.889757679221942226e+02 1.288286854309238618e-03
6.935644367840696987e+02 1.266983048487988752e-03
6.981836667816246518e+02 1.245537356529431532e-03
7.028336614560267890e+02 1.223948833453303211e-03
7.075146257040543105e+02 1.202216527985648783e-03
7.122267657871228721e+02 1.186336407291896898e-03
7.169702893403789403e+02 1.170965075128328845e-03
7.217454053818432840e+02 1.155491367879095052e-03
7.265523243216263154e+02 1.139914603712712535e-03
7.313912579711967510e+02 1.124234096256613354e-03
7.362624195527158690e+02 1.108449154566897325e-03
7.411660237084314531e+02 1.092559083097890439e-03
7.461022865101363095e+02 1.076563181671494904e-03
7.510714254686913591e+02 1.060460745446329279e-03
7.560736595436076186e+02 1.044251064886679526e-03
7.611092091526959393e+02 1.027933425731226936e-03
7.661782961817770001e+02 1.011507108961585662e-03
7.712811439944601943e+02 9.949713907706117088e-04
7.764179774419874320e+02 9.783255425305061384e-04
7.815890228731383331e+02 9.615688307607162888e-04
7.867945081442060200e+02 9.447005170956102862e-04
7.920346626290340737e+02 9.277198582519511965e-04
7.973097172291288643e+02 9.135754822984711466e-04
8.026199043838280431e+02 9.016239996657809778e-04
8.079654580805478190e+02 8.895929185932572626e-04
8.133466138650909443e+02 8.774817089448638027e-04
8.187636088520263229e+02 8.652898370537881424e-04
8.242166817351358077e+02 8.530167656989294522e-04
8.297060727979326202e+02 8.406619540812251910e-04
8.352320239242517346e+02 8.282248577998156799e-04
8.407947786089049487e+02 8.157049288280625267e-04
8.463945819684125809e+02 8.031016154893959617e-04
8.520316807518013320e+02 7.904143624330116878e-04
8.577063233514784315e+02 7.776426106093970760e-04
8.634187598141791113e+02 7.647857972456914783e-04
8.691692418519816101e+02 7.518433558208962707e-04
8.749580228534005073e+02 7.388147160409065444e-04
8.807853578945484969e+02 7.256993038133890571e-04
8.866515037503819485e+02 7.124965412224738099e-04
8.925567189060087685e+02 7.001228634350381650e-04
8.985012635680839139e+02 6.909153577180400388e-04
9.044853996762720953e+02 6.816465288068945935e-04
9.105093909147914246e+02 6.723159682810945625e-04
9.165735027240294812e+02 6.629232650000018096e-04
9.226780023122415741e+02 6.534680050847277086e-04
9.288231586673269931e+02 6.439497718998929594e-04
9.350092425686785873e+02 6.343681460352734551e-04
9.412365265991164733e+02 6.247227052873166944e-04
9.475052851568962069e+02 6.150130246405421854e-04
9.538157944678014246e+02 6.052386762488107686e-04
9.601683325973179990e+02 5.953992294164684980e-04
9.665631794628828857e+02 5.854942505793741874e-04
9.730006168462213054e+02 5.755233032857903471e-04
9.794809284057593004e+02 5.654859481771576770e-04
9.860043996891255347e+02 5.553817429687304573e-04
9.925713181457349492e+02 5.452102424300862794e-04
9.991819731394524524e+02 5.349709983655108773e-04
1.005836655961345286e+03 5.274958375900401899e-04
1.012535659842513951e+03 5.203704882622024047e-04
1.019279279967021012e+03 5.131976831745049903e-04
1.026067813484889029e+03 5.059771062653738985e-04
1.032901559525202174e+03 4.987084393682194835e-04
1.039780819209281844e+03 4.913913621974225383e-04
1.046705895663958700e+03 4.840255523342180369e-04
1.053677094034925176e+03 4.766106852124923562e-04
1.060694721500184187e+03 4.691464341044787470e-04
1.067759087283586268e+03 4.616324701063591828e-04
1.074870502668452446e+03 4.540684621237734016e-04
1.082029281011292596e+03 4.464540768572287433e-04
1.089235737755609762e+03 4.387889787874160947e-04
1.096490190445801773e+03 4.310728301604244074e-04
1.103792958741156099e+03 4.233052909728548738e-04
1.111144364429932239e+03 4.154860189568417516e-04
1.118544731443542105e+03 4.076146695649707869e-04
1.125994385870820224e+03 4.010359562662973196e-04
1.133493655972400120e+03 3.955846962522220948e-04
1.141042872195169139e+03 3.900971301324048001e-04
1.148642367186838101e+03 3.845730161034245078e-04
1.156292475810593714e+03 3.790121107514189095e-04
1.163993535159856719e+03 3.734141690413565143e-04
1.171745884573131661e+03 3.677789443062423331e-04
1.179549865648962168e+03 3.621061882362466367e-04
1.187405822260984905e+03 3.563956508677623204e-04
1.195314100573079259e+03 3.506470805723922832e-04
1.203275049054622514e+03 3.448602240458608042e-04
1.211289018495840992e+03 3.390348262968543918e-04
1.219356362023270094e+03 3.331706306357835401e-04
1.227477435115316439e+03 3.272673786634712478e-04
1.235652595617918450e+03 3.213248102597684617e-04
1.243882203760316543e+03 3.153426635720912407e-04
1.252166622170922437e+03 3.093206750038850618e-04
1.260506215893300350e+03 3.036311263292903518e-04
1.268901352402255498e+03 2.994758315181919226e-04
1.277352401620021965e+03 2.952928618993579330e-04
1.285859735932565627e+03 2.910820331549433251e-04
1.294423730205987567e+03 2.868431597395239134e-04
1.303044761803051642e+03 2.825760548719159163e-04
1.311723210599802087e+03 2.782805305269509823e-04
1.320459459002310950e+03 2.739563974271867048e-04
1.329253891963525120e+03 2.696034650345680234e-04
1.338106897000224080e+03 2.652215415420336019e-04
1.347018864210104311e+03 2.608104338650598102e-04
1.355990186288963969e+03 2.563699476331547785e-04
1.365021258548002379e+03 2.518998871812958029e-04
1.374112478931248688e+03 2.474000555413028899e-04
1.383264248033086460e+03 2.428702544331645707e-04
1.392476969115913789e+03 2.383102842562966560e-04
1.401751048127909371e+03 2.337199440807491944e-04
1.411086893720915896e+03 2.290990316383540424e-04
1.420484917268455092e+03 2.257231234027960861e-04
1.429945532883849864e+03 2.225520121564665272e-04
1.439469157438468301e+03 2.193597808938595292e-04
1.449056210580101833e+03 2.161462889528993278e-04
1.458707114751445488e+03 2.129113947346841567e-04
1.468422295208722517e+03 2.096549556972434388e-04
1.478202180040417716e+03 2.063768283492587374e-04
1.488047200186137388e+03 2.030768682437418277e-04
1.497957789455606417e+03 1.997549299716672589e-04
1.507934384547779246e+03 1.964108671555662912e-04
1.517977425070078198e+03 1.930445324430786578e-04
1.528087353557774122e+03 1.896557775004561878e-04
1.538264615493475276e+03 1.862444530060303259e-04
1.548509659326766723e+03 1.828104086436292631e-04
1.558822936493966608e+03 1.793534930959557114e-04
1.569204901438013394e+03 1.758735540379209030e-04
1.579656011628499755e+03 1.723704381299295308e-04
1.590176727581825617e+03 1.694153421351637771e-04
1.600767512881485800e+03 1.670121526802983015e-04
1.611428834198508412e+03 1.645929576688741596e-04
1.622161161312005333e+03 1.621576505017889493e-04
1.632964967129883462e+03 1.597061238699751414e-04
1.643840727709678504e+03 1.572382697496726327e-04
1.654788922279526787e+03 1.547539793976701833e-04
1.665810033259293277e+03 1.522531433465109654e-04
1.676904546281816010e+03 1.497356513996720112e-04
1.688072950214315824e+03 1.472013926267060925e-04
1.699315737179934331e+03 1.446502553583544628e-04
1.710633402579411268e+03 1.420821271816278587e-04
1.722026445112926467e+03 1.394968949348504225e-04
1.733495366802067792e+03 1.368944447026747844e-04
1.745040673011947547e+03 1.342746618110636969e-04
1.756662872473482366e+03 1.316374308222341297e-04
1.768362477305797256e+03 1.289826355295739329e-04
1.780140003038802433e+03 1.264479852394083045e-04
1.791995968635905228e+03 1.246457862579897289e-04
1.803930896516871144e+03 1.228315843952888916e-04
1.815945312580855898e+03 1.210052997105438833e-04
1.828039746229572074e+03 1.191668517305769810e-04
1.840214730390611749e+03 1.173161594462492535e-04
1.852470801540942148e+03 1.154531413088892122e-04
1.864808499730529093e+03 1.135777152267017983e-04
1.877228368606148251e+03 1.116897985611488010e-04
1.889730955435333954e+03 1.097893081233086352e-04
1.902316811130488077e+03 1.078761601702114397e-04
1.914986490273167192e+03 1.059502704011473149e-04
1.927740551138513865e+03 1.040115539539525509e-04
1.940579555719849623e+03 1.020599254012713523e-04
1.953504069753453678e+03 1.000952987467892253e-04
1.966514662743475128e+03 9.811758742144611675e-05
1.979611907987040922e+03 9.612670427961990090e-05
1.992796382599511844e+03 9.412256159528715137e-05
2.006068667539906755e+03 9.264923063229912024e-05
2.019429347636514194e+03 9.129344183851306424e-05
2.032879011612654722e+03 8.992862331376824539e-05
2.046418252112618120e+03 8.855471491887406633e-05
2.060047665727790445e+03 8.717165611410424594e-05
2.073767853022926829e+03 8.577938595653083402e-05
2.087579418562627325e+03 8.437784309733743630e-05
2.101482970937972823e+03 8.296696577911637975e-05
2.115479122793333772e+03 8.154669183314827317e-05
2.129568490853378535e+03 8.011695867666125247e-05
2.143751695950242720e+03 7.867770331007401723e-05
2.158029363050878146e+03 7.722886231422047636e-05
2.172402121284608256e+03 7.577037184755363143e-05
2.186870603970830871e+03 7.430216764333433526e-05
2.201435448646940586e+03 7.282418500679787860e-05
2.216097297096413968e+03 7.133635881230400216e-05
2.230856795377083927e+03 6.983862350046775877e-05
2.245714593849621906e+03 6.856944987223404279e-05
2.260671347206176961e+03 6.756031409388201740e-05
2.275727714499240392e+03 6.654445733906157840e-05
2.290884359170680909e+03 6.552183484518888171e-05
2.306141949080968516e+03 6.449240155155594120e-05
2.321501156538618488e+03 6.345611209734407221e-05
2.336962658329809983e+03 6.241292081962557139e-05
2.352527135748198361e+03 6.136278175135215576e-05
2.368195274624954436e+03 6.030564861932833813e-05
2.383967765358964698e+03 5.924147484217369620e-05
2.399845302947268920e+03 5.817021352826931237e-05
2.415828587015680114e+03 5.709181747369181293e-05
2.431918321849601398e+03 5.600623916013416643e-05
2.448115216425077961e+03 5.491343075281053754e-05
2.464419984440027292e+03 5.381334409834925532e-05
2.480833344345681780e+03 5.270593072267134807e-05
2.497356019378262772e+03 5.159114182885343850e-05
2.513988737590828805e+03 5.051663356955856765e-05
2.530732231885376223e+03 4.976935539628351917e-05
2.547587240045123508e+03 4.901710025248991876e-05
2.564554504767015260e+03 4.825983499090240271e-05
2.581634773694461273e+03 4.749752624348012379e-05
2.598828799450276165e+03 4.673014041994663409e-05
2.616137339669831817e+03 4.595764370631026072e-05
2.633561157034462212e+03 4.518000206337319913e-05
2.651101019305048794e+03 4.439718122523260359e-05
2.668757699355867317e+03 4.360914669776992761e-05
2.686531975208639324e+03 4.281586375713119781e-05
2.704424630066803729e+03 4.201729744819744178e-05
2.722436452350045329e+03 4.121341258304364380e-05
2.740568235729027492e+03 4.040417373938858642e-05
2.758820779160355414e+03 3.958954525903439221e-05
2.777194886921802208e+03 3.876949124629438989e-05
2.795691368647723721e+03 3.794397556641248989e-05
2.814311039364755743e+03 3.711296184396998995e-05
2.833054719527718589e+03 3.650001351029277824e-05
2.851923235055759505e+03 3.594578727642425066e-05
2.870917417368768383e+03 3.538786982324110871e-05
2.890038103423987195e+03 3.482623656673942530e-05
2.909286135752913196e+03 3.426086275918224609e-05
2.928662362498412676e+03 3.369172348800950555e-05
2.948167637452086183e+03 3.311879367474046196e-05
2.967802820091907051e+03 3.254204807386814322e-05
2.987568775620084125e+03 3.196146127174721976e-05
3.007466375001177312e+03 3.137700768547439632e-05
3.027496495000496907e+03 3.078866156176054356e-05
3.047660018222713461e+03 3.019639697579659212e-05
3.067957833150767783e+03 2.960018783011061409e-05
3.088390834185015137e+03 2.900000785341806387e-05
3.108959921682624099e+03 2.839583059946450082e-05
3.129666001997269632e+03 2.778762944585966868e-05
3.150509987519060360e+03 2.717537759290472767e-05
3.171492796714733686e+03 2.665288040543931891e-05
3.192615354168148315e+03 2.624804735414611713e-05
3.213878590620999148e+03 2.584051806170313174e-05
3.235283443013854139e+03 2.543027457079103913e-05
3.256830854527425799e+03 2.501729880449247222e-05
3.278521774624125555e+03 2.460157256549557226e-05
3.300357159089918241e+03 2.418307753529182837e-05
3.322337970076428064e+03 2.376179527336907531e-05
3.344465176143326062e+03 2.333770721639907714e-05
3.366739752301029966e+03 2.291079467741918152e-05
3.389162680053641452e+03 2.248103884500934592e-05
3.411734947442218072e+03 2.204842078246284495e-05
3.434457549088301221e+03 2.161292142695195640e-05
3.457331486237730132e+03 2.117452158868827721e-05
3.480357766804784205e+03 2.073320195007667305e-05
3.503537405416583624e+03 2.028894306486429144e-05
3.526871423457786477e+03 1.984172535728392342e-05
3.550360849115622386e+03 1.940662947766610494e-05
3.574006717425167608e+03 1.911136714906867896e-05
3.597810070314977111e+03 1.881413833468699405e-05
3.621771956652989047e+03 1.851492993746808738e-05
3.645893432292726175e+03 1.821372877313106551e-05
3.670175560119846523e+03 1.791052156958583306e-05
3.694619410098964636e+03 1.760529496634846382e-05
3.719226059320789773e+03 1.729803551395257388e-05
3.743996592049610172e+03 1.698872967335639847e-05
3.768932099771041067e+03 1.667736381534657572e-05
3.794033681240147871e+03 1.636392421993722757e-05
3.819302442529847212e+03 1.604839707576559838e-05
3.844739497079634475e+03 1.573076847948359051e-05
3.870345965744674686e+03 1.541102443514478010e-05
3.896122976845158973e+03 1.508915085358810748e-05
3.922071666216049380e+03 1.476513355181671736e-05
3.948193177257119260e+03 1.443895825237312132e-05
3.974488660983321552e+03 1.411061058271025037e-05
4.000959276075531307e+03 1.386723911755935038e-05
4.027606188931590623e+03 1.365145741963735787e-05
4.054430573717691459e+03 1.343423858734243886e-05
4.081433612420142254e+03 1.321557304917135742e-05
4.108616494897420125e+03 1.299545116987354055e-05
4.135980418932625071e+03 1.277386325002629793e-05
4.163526590286253850e+03 1.255079952560748530e-05
4.191256222749309018e+03 1.232625016756542521e-05
4.219170538196815869e+03 1.210020528138554631e-05
4.247270766641645423e+03 1.187265490665452561e-05
4.275558146288704847e+03 1.164358901662147121e-05
4.304033923589522601e+03 1.141299751775590155e-05
4.332699353297142807e+03 1.118087024930321571e-05
4.361555698521441627e+03 1.094719698283676208e-05
4.390604230784771971e+03 1.071196742180722364e-05
4.419846230077978362e+03 1.047517120108903685e-05
4.449282984916826535e+03 1.023679788652341907e-05
4.478915792398765916e+03 1.003155788952531357e-05
4.508745958260071347e+03 9.875484808524354570e-06
4.538774796933408652e+03 9.718372260360218286e-06
4.569003631605721239e+03 9.560213322045486736e-06
4.599433794276565095e+03 9.401001024484659311e-06
4.630066625816784835e+03 9.240728352167169396e-06
4.660903476027589022e+03 9.079388242858280026e-06
4.691945703700052945e+03 8.916973587287785726e-06
4.723194676674977018e+03 8.753477228836808525e-06
4.754651771903148074e+03 8.588891963222518742e-06
4.786318375506043594e+03 8.423210538180529817e-06
4.818195882836872443e+03 8.256425653145521150e-06
4.850285698542093087e+03 8.088529958929370665e-06
4.882589236623294710e+03 7.919516057397405263e-06
4.915107920499485772e+03 7.749376501142479483e-06
4.947843183069847328e+03 7.578103793156666384e-06
4.980796466776856505e+03 7.405690386500986689e-06
5.013969223669832900e+03 7.235976573617441580e-06
5.047362915468951542e+03 7.123357212265223446e-06
5.080979013629618748e+03 7.009987791214636541e-06
5.114818999407339106e+03 6.895863314969826493e-06
5.148884363922973534e+03 6.780978754764281821e-06
5.183176608228429359e+03 6.665329048339291617e-06
5.217697243372835146e+03 6.548909099720776933e-06
5.252447790469082975e+03 6.431713778994876175e-06
5.287429780760895483e+03 6.313737922081762742e-06
5.322644755690274906e+03 6.194976330508178566e-06
5.358094266965415045e+03 6.075423771178398093e-06
5.393779876629107093e+03 5.955074976143533781e-06
5.429703157127548366e+03 5.833924642369482106e-06
5.465865691379619420e+03 5.711967431503283921e-06
5.502269072846671406e+03 5.589197969637772966e-06
5.538914905602691761e+03 5.465610847074936885e-06
5.575804804405029245e+03 5.341200618087411380e-06
5.612940394765528254e+03 5.215961800678569145e-06
5.650323313022136063e+03 5.122480602362713293e-06
5.687955206411043946e+03 5.041122898252389299e-06
5.725837733139252123e+03 4.959223341175798892e-06
5.763972562457618551e+03 4.876778322321236794e-06
5.802361374734453420e+03 4.793784208841788173e-06
5.841005861529517460e+03 4.710237343695352071e-06
5.879907725668597777e+03 4.626134045483410381e-06
5.919068681318525705e+03 4.541470608288843903e-06
5.958490454062688514e+03 4.456243301512689616e-06
5.998174780977105002e+03 4.370448369709652808e-06
6.038123410706944014e+03 4.284082032422697635e-06
6.078338103543567740e+03 4.197140484016473008e-06
6.118820631502127981e+03 4.109619893509558568e-06
6.159572778399608978e+03 4.021516404405739111e-06
6.200596339933466879e+03 3.932826134523994060e-06
6.241893123760738490e+03 3.843545175827467118e-06
6.283464949577672996e+03 3.753669594251308936e-06
6.325313649199956672e+03 3.675433014272195842e-06
6.367441066643405975e+03 3.617164562192554998e-06
6.409849058205205438e+03 3.558508034589608228e-06
6.452539492545747635e+03 3.499460846829520298e-06
6.495514250770924264e+03 3.440020397064488721e-06
6.538775226515054783e+03 3.380184066118040668e-06
6.582324326024313450e+03 3.319949217369643370e-06
6.626163468240703878e+03 3.259313196638552602e-06
6.670294584886653865e+03 3.198273332066806099e-06
6.714719620550117725e+03 3.136826934001514343e-06
6.759440532770236132e+03 3.074971294876381839e-06
6.804459292123647174e+03 3.012703689092324592e-06
6.849777882311259418e+03 2.950021372897450197e-06
6.895398300245710743e+03 2.886921584266088407e-06
6.941322556139335575e+03 2.823401542777123320e-06
6.987552673592728752e+03 2.759458449491492085e-06
7.034090689683956953e+03 2.695089486828793379e-06
7.080938655058263066e+03 2.631014441415066965e-06
7.128098634018480880e+03 2.589473228146838901e-06
7.175572704615969087e+03 2.547655344956839740e-06
7.223362958742160117e+03 2.505558949187164050e-06
7.271471502220778348e+03 2.463182185907541642e-06
7.319900454900609475e+03 2.420523187833626419e-06
7.368651950748890158e+03 2.377580075244730840e-06
7.417728137945385242e+03 2.334350955900957300e-06
7.467131178976990668e+03 2.290833924959867450e-06
7.516863250733067616e+03 2.247027064892504391e-06
7.566926544601349633e+03 2.202928445398915954e-06
7.617323266564474579e+03 2.158536123323119798e-06
7.668055637297235990e+03 2.113848142567440000e-06
7.719125892264413778e+03 2.068862534006334581e-06
7.770536281819253418e+03 2.023577315399646205e-06
7.822289071302675438e+03 1.977990491305214214e-06
7.874386541143041541e+03 1.932100052990994958e-06
7.926830986956683773e+03 1.885903978346510217e-06
7.979624719649042163e+03 1.850974573871736798e-06
8.032770065516466275e+03 1.821095095549633449e-06
8.086269366348766198e+03 1.791016615988053884e-06
8.140124979532380166e+03 1.760737809812671966e-06
8.194339278154224303e+03 1.730257342822008447e-06
8.248914651106319070e+03 1.699573871928607704e-06
8.303853503190979609e+03 1.668686045099898320e-06
8.359158255226851907e+03 1.637592501298576581e-06
8.414831344155545594e+03 1.606291870422654961e-06
8.470875223148999794e+03 1.574782773245099172e-06
8.527292361717622043e+03 1.543063821353028978e-06
8.584085245819085685e+03 1.511133617086552048e-06
8.641256377967836670e+03 1.478990753477195455e-06
8.698808277345437091e+03 1.446633814185867294e-06
8.756743479911488976e+03 1.414061373440494722e-06
8.815064538515442109e+03 1.381271995973161623e-06
8.873774023009060329e+03 1.348264236956879294e-06
8.932874520359633607e+03 1.319264532843395256e-06
8.992368634764021408e+03 1.298161185983004853e-06
9.052258987763343612e+03 1.276917288068244211e-06
9.112548218358557278e+03 1.255531903010675886e-06
9.173238983126704625e+03 1.234004088487394158e-06
9.234333956337957716e+03 1.212332895899506238e-06
9.295835830073499892e+03 1.190517370330318905e-06
9.357747314344134793e+03 1.168556550503266593e-06
9.420071137209661174e+03 1.146449468739566517e-06
9.482810044899149943e+03 1.124195150915555958e-06
9.545966801931879672e+03 1.101792616419794487e-06
9.609544191239221618e+03 1.079240878109828863e-06
9.673545014287232334e+03 1.056538942268709539e-06
9.737972091200066643e+03 1.033685808561212400e-06
9.802828260884311021e+03 1.010680469989738837e-06
9.868116381154037299e+03 9.875219128499538793e-07
9.933839328856707652e+03 9.642091166861295617e-07
1.000000000000000000e+04 9.407410542461558249e-07
