1.000000000000000021e-02 1.352174600000000029e-03
1.012799999999999950e-01 1.309581699999999849e-01
1.925600000000000089e-01 4.451600800000000135e-01
2.838499999999999912e-01 9.076486999999999750e-01
3.751300000000000190e-01 1.482781400000000138e+00
4.664099999999999913e-01 2.138814899999999852e+00
5.576900000000000190e-01 2.847896699999999726e+00
6.489800000000000013e-01 3.585088100000000111e+00
7.402600000000000291e-01 4.330506699999999931e+00
8.315399999999999459e-01 5.068298000000000414e+00
9.228199999999999736e-01 5.782179000000000180e+00
1.014100000000000001e+00 6.464608100000000412e+00
1.105399999999999938e+00 7.109157800000000194e+00
1.196700000000000097e+00 7.710086200000001000e+00
1.288000000000000034e+00 8.256937900000000496e+00
1.379199999999999982e+00 8.756826000000000221e+00
1.470499999999999918e+00 9.216177999999999315e+00
1.561800000000000077e+00 9.624109999999999943e+00
1.653100000000000014e+00 9.976337000000000899e+00
1.744399999999999951e+00 1.030456799999999973e+01
1.835599999999999898e+00 1.056338200000000072e+01
1.926900000000000057e+00 1.080591300000000032e+01
2.018200000000000216e+00 1.099188200000000215e+01
2.109500000000000153e+00 1.116242500000000071e+01
2.200800000000000090e+00 1.127897700000000114e+01
2.292100000000000026e+00 1.139467199999999991e+01
2.383300000000000196e+00 1.144780599999999993e+01
2.474600000000000133e+00 1.150094000000000172e+01
2.565900000000000070e+00 1.152065099999999909e+01
2.657200000000000006e+00 1.151893700000000109e+01
2.748499999999999943e+00 1.151636599999999966e+01
2.839799999999999880e+00 1.147008799999999873e+01
2.931000000000000050e+00 1.142038200000000003e+01
3.022299999999999986e+00 1.136981900000000145e+01
3.113599999999999923e+00 1.128240499999999891e+01
3.204899999999999860e+00 1.119499099999999991e+01
3.296199999999999797e+00 1.110757700000000092e+01
3.387399999999999967e+00 1.099616700000000158e+01
3.478699999999999903e+00 1.087961500000000115e+01
3.569999999999999840e+00 1.076306300000000071e+01
3.661300000000000221e+00 1.064051200000000108e+01
3.752600000000000158e+00 1.050510599999999961e+01
3.843900000000000095e+00 1.036969999999999992e+01
3.935099999999999820e+00 1.023429400000000022e+01
4.026399999999999757e+00 1.009288899999999956e+01
4.117700000000000138e+00 9.945484999999999687e+00
4.208999999999999631e+00 9.798080999999999818e+00
4.300300000000000011e+00 9.650676999999999950e+00
4.391499999999999737e+00 9.502416000000000196e+00
4.482800000000000118e+00 9.350727000000000899e+00
4.574099999999999611e+00 9.199894999999999712e+00
4.665399999999999991e+00 9.048206000000000415e+00
4.756700000000000372e+00 8.896517000000001119e+00
4.847999999999999865e+00 8.746541999999999817e+00
4.939199999999999591e+00 8.597424000000000177e+00
5.030499999999999972e+00 8.447706099999999552e+00
5.121800000000000352e+00 8.298245299999999602e+00
5.213099999999999845e+00 8.148784499999999653e+00
5.304400000000000226e+00 8.003608700000000908e+00
5.395699999999999719e+00 7.861089600000000566e+00
5.486900000000000333e+00 7.718570500000001111e+00
5.578199999999999825e+00 7.576051399999999880e+00
5.669500000000000206e+00 7.433532299999999537e+00
5.760799999999999699e+00 7.291698800000000702e+00
5.852100000000000080e+00 7.159806500000000185e+00
5.943299999999999805e+00 7.027914199999999667e+00
6.034600000000000186e+00 6.895936199999999516e+00
6.125899999999999679e+00 6.764043899999999887e+00
6.217200000000000060e+00 6.632065899999999736e+00
6.308500000000000441e+00 6.500173600000000107e+00
6.399799999999999933e+00 6.381050600000000017e+00
6.490999999999999659e+00 6.262013299999999560e+00
6.582300000000000040e+00 6.143061699999999625e+00
6.673600000000000421e+00 6.024024400000000057e+00
6.764899999999999913e+00 5.905072800000001010e+00
6.856200000000000294e+00 5.786035500000000553e+00
6.947499999999999787e+00 5.671626000000000722e+00
7.038700000000000401e+00 5.566986300000000831e+00
7.129999999999999893e+00 5.462432300000000573e+00
7.221300000000000274e+00 5.357792600000000682e+00
7.312599999999999767e+00 5.253152899999999903e+00
7.403900000000000148e+00 5.148513200000000012e+00
7.495099999999999874e+00 5.043873500000000121e+00
7.586400000000000254e+00 4.939405200000000384e+00
7.677699999999999747e+00 4.849420199999999959e+00
7.769000000000000128e+00 4.759435200000000421e+00
7.860299999999999621e+00 4.669535900000000517e+00
7.951600000000000001e+00 4.579550900000000091e+00
8.042799999999999727e+00 4.489565900000000553e+00
8.134100000000000108e+00 4.399666600000000649e+00
8.225400000000000489e+00 4.309681600000000223e+00
8.316700000000000870e+00 4.219696599999999798e+00
8.407999999999999474e+00 4.143937800000000671e+00
8.499299999999999855e+00 4.068264700000000289e+00
8.590500000000000469e+00 3.992505900000000274e+00
8.681800000000000850e+00 3.916832800000000336e+00
8.773099999999999454e+00 3.841159699999999955e+00
8.864399999999999835e+00 3.765486600000000017e+00
8.955700000000000216e+00 3.689813500000000523e+00
9.046900000000000830e+00 3.614140400000000142e+00
9.138199999999999434e+00 3.541038300000000305e+00
9.229499999999999815e+00 3.478648700000000371e+00
9.320800000000000196e+00 3.416259100000000437e+00
9.412100000000000577e+00 3.353869500000000503e+00
9.503399999999999181e+00 3.291479899999999681e+00
9.594599999999999795e+00 3.229090299999999747e+00
9.685900000000000176e+00 3.166700699999999813e+00
9.777200000000000557e+00 3.104311099999999879e+00
9.868499999999999162e+00 3.041921499999999945e+00
9.959799999999999542e+00 2.979531900000000011e+00
1.005100000000000016e+01 2.923826900000000339e+00
1.014199999999999946e+01 2.873349600000000503e+00
1.023399999999999999e+01 2.822872300000000223e+00
1.032499999999999929e+01 2.772394999999999943e+00
1.041600000000000037e+01 2.721917699999999662e+00
1.050699999999999967e+01 2.671440399999999826e+00
1.059900000000000020e+01 2.620963099999999990e+00
1.068999999999999950e+01 2.570485800000000154e+00
1.078100000000000058e+01 2.520008500000000318e+00
1.087299999999999933e+01 2.469531200000000037e+00
1.096400000000000041e+01 2.419053899999999757e+00
1.105499999999999972e+01 2.378860600000000325e+00
1.114600000000000080e+01 2.338753000000000082e+00
1.123799999999999955e+01 2.298731099999999916e+00
1.132900000000000063e+01 2.258623500000000117e+00
1.141999999999999993e+01 2.218515900000000318e+00
1.151200000000000045e+01 2.178408300000000075e+00
1.160299999999999976e+01 2.138386399999999909e+00
1.169400000000000084e+01 2.098278800000000111e+00
1.178500000000000014e+01 2.058171199999999867e+00
1.187700000000000067e+01 2.018149300000000146e+00
1.196799999999999997e+01 1.978041700000000125e+00
1.205899999999999928e+01 1.941447800000000168e+00
1.215099999999999980e+01 1.910167300000000123e+00
1.224200000000000088e+01 1.878886800000000079e+00
1.233300000000000018e+01 1.847606299999999813e+00
1.242399999999999949e+01 1.816240100000000135e+00
1.251600000000000001e+01 1.784959600000000091e+00
1.260699999999999932e+01 1.753679099999999824e+00
1.269800000000000040e+01 1.722398600000000224e+00
1.278999999999999915e+01 1.691118100000000180e+00
1.288100000000000023e+01 1.659837600000000135e+00
1.297199999999999953e+01 1.628557099999999869e+00
1.306300000000000061e+01 1.597276599999999824e+00
1.315499999999999936e+01 1.565910400000000147e+00
1.324600000000000044e+01 1.539686200000000005e+00
1.333699999999999974e+01 1.515604500000000021e+00
1.342800000000000082e+01 1.491522800000000037e+00
1.351999999999999957e+01 1.467526800000000131e+00
1.361100000000000065e+01 1.443445100000000147e+00
1.370199999999999996e+01 1.419449100000000241e+00
1.379400000000000048e+01 1.395367400000000258e+00
1.388499999999999979e+01 1.371285700000000052e+00
1.397600000000000087e+01 1.347289699999999923e+00
1.406700000000000017e+01 1.323208000000000162e+00
1.415900000000000070e+01 1.299212000000000033e+00
1.425000000000000000e+01 1.275130300000000050e+00
1.434099999999999930e+01 1.251048600000000066e+00
1.443299999999999983e+01 1.227052600000000160e+00
1.452399999999999913e+01 1.207513000000000059e+00
1.461500000000000021e+01 1.189344600000000085e+00
1.470599999999999952e+01 1.171261899999999967e+00
1.479800000000000004e+01 1.153093499999999993e+00
1.488899999999999935e+01 1.134925100000000020e+00
1.498000000000000043e+01 1.116842400000000124e+00
1.507199999999999918e+01 1.098673999999999928e+00
1.516300000000000026e+01 1.080505599999999955e+00
1.525399999999999956e+01 1.062337200000000204e+00
1.534500000000000064e+01 1.044254500000000085e+00
1.543699999999999939e+01 1.026086099999999890e+00
1.552800000000000047e+01 1.007917700000000139e+00
1.561899999999999977e+01 9.898350000000000204e-01
1.571100000000000030e+01 9.716666000000001580e-01
1.580199999999999960e+01 9.534982000000000735e-01
1.589300000000000068e+01 9.376436999999999689e-01
1.598399999999999999e+01 9.241888000000000325e-01
1.607600000000000051e+01 9.106482000000000188e-01
1.616700000000000159e+01 8.971932999999999714e-01
1.625799999999999912e+01 8.837384000000000350e-01
1.635000000000000142e+01 8.701978000000000213e-01
1.644099999999999895e+01 8.567429000000000849e-01
1.653200000000000003e+01 8.432622899999999699e-01
1.662300000000000111e+01 8.297731099999999804e-01
1.671499999999999986e+01 8.162925000000000875e-01
1.680600000000000094e+01 8.028118899999999725e-01
1.689699999999999847e+01 7.893227099999999830e-01
1.698900000000000077e+01 7.758421000000000900e-01
1.707999999999999829e+01 7.623614899999999750e-01
1.717099999999999937e+01 7.488808800000000820e-01
1.726200000000000045e+01 7.353916999999999815e-01
1.735399999999999920e+01 7.219110899999999775e-01
1.744500000000000028e+01 7.110871800000000409e-01
1.753600000000000136e+01 7.012402500000001204e-01
1.762699999999999889e+01 6.913847499999999924e-01
1.771900000000000119e+01 6.815378200000000719e-01
1.780999999999999872e+01 6.716823200000000549e-01
1.790099999999999980e+01 6.618353900000000234e-01
1.799299999999999855e+01 6.519798900000000064e-01
1.808399999999999963e+01 6.421329599999999749e-01
1.817500000000000071e+01 6.322774600000000689e-01
1.826599999999999824e+01 6.224305300000000374e-01
1.835800000000000054e+01 6.125750300000000204e-01
1.844900000000000162e+01 6.027280999999999889e-01
1.853999999999999915e+01 5.928725999999999718e-01
1.863200000000000145e+01 5.830256700000000514e-01
1.872299999999999898e+01 5.731701700000000343e-01
1.881400000000000006e+01 5.633232400000000029e-01
1.890500000000000114e+01 5.534677399999999858e-01
1.899699999999999989e+01 5.436208099999999543e-01
1.908800000000000097e+01 5.347680000000000211e-01
1.917899999999999849e+01 5.276891800000000909e-01
1.927100000000000080e+01 5.206103600000000498e-01
1.936199999999999832e+01 5.135315400000000086e-01
1.945299999999999940e+01 5.064441499999999818e-01
1.954400000000000048e+01 4.993653300000000517e-01
1.963599999999999923e+01 4.922865100000000105e-01
1.972700000000000031e+01 4.852076900000000248e-01
1.981800000000000139e+01 4.781202999999999981e-01
1.991000000000000014e+01 4.710414800000000124e-01
2.000100000000000122e+01 4.639626600000000267e-01
2.009199999999999875e+01 4.568752700000000000e-01
2.018299999999999983e+01 4.497964500000000143e-01
2.027499999999999858e+01 4.427176300000000286e-01
2.036599999999999966e+01 4.356388099999999874e-01
2.045700000000000074e+01 4.285514200000000162e-01
2.054899999999999949e+01 4.214725999999999750e-01
2.064000000000000057e+01 4.143937800000000449e-01
2.073100000000000165e+01 4.073149600000000037e-01
2.082199999999999918e+01 4.002275700000000325e-01
2.091400000000000148e+01 3.936201000000000283e-01
2.100499999999999901e+01 3.886323600000000100e-01
2.109600000000000009e+01 3.836360499999999507e-01
2.118700000000000117e+01 3.786397400000000024e-01
2.127899999999999991e+01 3.736520000000000397e-01
2.137000000000000099e+01 3.686556900000000359e-01
2.146099999999999852e+01 3.636593799999999765e-01
2.155300000000000082e+01 3.586716400000000138e-01
2.164399999999999835e+01 3.536753300000000100e-01
2.173499999999999943e+01 3.486790200000000617e-01
2.182600000000000051e+01 3.436912799999999879e-01
2.191799999999999926e+01 3.386949700000000396e-01
2.200900000000000034e+01 3.336986600000000358e-01
2.210000000000000142e+01 3.287109200000000175e-01
2.219200000000000017e+01 3.237146100000000137e-01
2.228300000000000125e+01 3.187268699999999955e-01
2.237399999999999878e+01 3.137305599999999917e-01
2.246499999999999986e+01 3.087342499999999879e-01
2.255699999999999861e+01 3.037465099999999696e-01
2.264799999999999969e+01 2.987502000000000213e-01
2.273900000000000077e+01 2.937538900000000175e-01
2.283099999999999952e+01 2.887661499999999992e-01
2.292200000000000060e+01 2.839840900000000223e-01
2.301300000000000168e+01 2.805303800000000236e-01
2.310399999999999920e+01 2.770681000000000394e-01
2.319600000000000151e+01 2.736143900000000406e-01
2.328699999999999903e+01 2.701606800000000419e-01
2.337800000000000011e+01 2.666984000000000021e-01
2.346999999999999886e+01 2.632446900000000034e-01
2.356099999999999994e+01 2.597909800000000047e-01
2.365200000000000102e+01 2.563287000000000204e-01
2.374299999999999855e+01 2.528749900000000217e-01
2.383500000000000085e+01 2.494127100000000374e-01
2.392599999999999838e+01 2.459590000000000110e-01
2.401699999999999946e+01 2.425052900000000122e-01
2.410900000000000176e+01 2.390430100000000280e-01
2.419999999999999929e+01 2.355893000000000292e-01
2.429100000000000037e+01 2.321355900000000028e-01
2.438200000000000145e+01 2.286733100000000185e-01
2.447400000000000020e+01 2.252196000000000198e-01
2.456500000000000128e+01 2.217573199999999800e-01
2.465599999999999881e+01 2.183036100000000090e-01
2.474699999999999989e+01 2.148499000000000103e-01
2.483899999999999864e+01 2.113876200000000261e-01
2.492999999999999972e+01 2.079339100000000273e-01
2.502100000000000080e+01 2.044802000000000286e-01
2.511299999999999955e+01 2.010179200000000166e-01
2.520400000000000063e+01 1.986011799999999883e-01
2.529500000000000171e+01 1.962530000000000108e-01
2.538599999999999923e+01 1.939048200000000055e-01
2.547800000000000153e+01 1.915652100000000135e-01
2.556899999999999906e+01 1.892170300000000083e-01
2.566000000000000014e+01 1.868774200000000163e-01
2.575199999999999889e+01 1.845292400000000110e-01
2.584299999999999997e+01 1.821896300000000191e-01
2.593400000000000105e+01 1.798414500000000138e-01
2.602499999999999858e+01 1.775018400000000218e-01
2.611700000000000088e+01 1.751536600000000166e-01
2.620799999999999841e+01 1.728140500000000246e-01
2.629899999999999949e+01 1.704658700000000193e-01
2.639099999999999824e+01 1.681176899999999863e-01
2.648199999999999932e+01 1.657780799999999943e-01
2.657300000000000040e+01 1.634299000000000168e-01
2.666400000000000148e+01 1.610902899999999971e-01
2.675600000000000023e+01 1.587421100000000196e-01
2.684700000000000131e+01 1.564024999999999999e-01
2.693799999999999883e+01 1.540543199999999946e-01
2.703000000000000114e+01 1.517147100000000026e-01
2.712099999999999866e+01 1.493665299999999974e-01
2.721199999999999974e+01 1.470269200000000054e-01
2.730300000000000082e+01 1.446787400000000001e-01
2.739499999999999957e+01 1.423305599999999949e-01
2.748600000000000065e+01 1.399909500000000029e-01
2.757700000000000173e+01 1.379512900000000042e-01
2.766900000000000048e+01 1.364001200000000136e-01
2.776000000000000156e+01 1.348403800000000097e-01
2.785099999999999909e+01 1.332892099999999913e-01
2.794200000000000017e+01 1.317380400000000007e-01
2.803399999999999892e+01 1.301868700000000101e-01
2.812500000000000000e+01 1.286271300000000062e-01
2.821600000000000108e+01 1.270759600000000156e-01
2.830799999999999983e+01 1.255247899999999972e-01
2.839900000000000091e+01 1.239736199999999927e-01
2.848999999999999844e+01 1.224138800000000027e-01
2.858099999999999952e+01 1.208627099999999982e-01
2.867299999999999827e+01 1.193115399999999937e-01
2.876399999999999935e+01 1.177603700000000031e-01
2.885500000000000043e+01 1.162006299999999992e-01
2.894600000000000151e+01 1.146494600000000086e-01
2.903800000000000026e+01 1.130982900000000041e-01
2.912900000000000134e+01 1.115471199999999996e-01
2.921999999999999886e+01 1.099873800000000096e-01
2.931200000000000117e+01 1.084362100000000051e-01
2.940299999999999869e+01 1.068850400000000006e-01
2.949399999999999977e+01 1.053338699999999961e-01
2.958500000000000085e+01 1.037741300000000061e-01
2.967699999999999960e+01 1.022229600000000016e-01
2.976800000000000068e+01 1.006717900000000110e-01
2.985900000000000176e+01 9.912062000000000650e-02
2.995100000000000051e+01 9.756088000000000260e-02
3.004200000000000159e+01 9.600971000000001199e-02
3.013299999999999912e+01 9.445854000000000750e-02
3.022400000000000020e+01 9.305306000000000688e-02
3.031599999999999895e+01 9.204180000000000694e-02
3.040700000000000003e+01 9.103911000000000642e-02
3.049800000000000111e+01 9.002785000000000648e-02
3.058999999999999986e+01 8.902516000000000596e-02
3.068100000000000094e+01 8.802247000000000543e-02
3.077199999999999847e+01 8.701121000000000549e-02
3.086299999999999955e+01 8.600852000000001885e-02
3.095499999999999829e+01 8.500068799999999092e-02
3.104599999999999937e+01 8.399457000000000451e-02
3.113700000000000045e+01 8.298845200000000422e-02
3.122899999999999920e+01 8.198233400000000393e-02
3.132000000000000028e+01 8.097621600000000364e-02
3.141100000000000136e+01 7.997009800000000335e-02
3.150199999999999889e+01 7.896398000000000306e-02
3.159400000000000119e+01 7.795871900000000965e-02
3.168499999999999872e+01 7.695260100000000936e-02
3.177599999999999980e+01 7.594648300000000907e-02
3.186799999999999855e+01 7.494036500000000878e-02
3.195899999999999963e+01 7.393424700000000849e-02
3.204999999999999716e+01 7.292812900000000820e-02
3.214099999999999824e+01 7.192201100000000791e-02
3.223299999999999699e+01 7.091589299999999374e-02
3.232399999999999807e+01 6.990977499999999345e-02
3.241499999999999915e+01 6.890365699999999316e-02
3.250600000000000023e+01 6.789753900000000675e-02
3.259799999999999898e+01 6.689142100000000646e-02
3.268900000000000006e+01 6.588530300000000617e-02
3.278000000000000114e+01 6.487918500000000588e-02
3.287199999999999989e+01 6.387306700000000559e-02
3.296300000000000097e+01 6.286694900000000530e-02
3.305400000000000205e+01 6.186083100000000501e-02
3.314500000000000313e+01 6.098754800000000253e-02
3.323700000000000188e+01 6.035336799999999752e-02
3.332800000000000296e+01 5.971918799999999944e-02
3.341899999999999693e+01 5.908586500000000130e-02
3.351100000000000279e+01 5.845168500000000322e-02
3.360199999999999676e+01 5.781750499999999821e-02
3.369299999999999784e+01 5.718332500000000013e-02
3.378399999999999892e+01 5.655000199999999505e-02
3.387599999999999767e+01 5.591582200000000391e-02
3.396699999999999875e+01 5.528164200000000583e-02
3.405799999999999983e+01 5.464746200000000081e-02
3.414999999999999858e+01 5.401413900000000268e-02
3.424099999999999966e+01 5.337995899999999766e-02
3.433200000000000074e+01 5.274577899999999958e-02
3.442300000000000182e+01 5.211159900000000844e-02
3.451500000000000057e+01 5.147827600000000337e-02
3.460600000000000165e+01 5.084409599999999835e-02
3.469700000000000273e+01 5.020991600000000027e-02
3.478900000000000148e+01 4.957573600000000219e-02
3.488000000000000256e+01 4.894241300000000405e-02
3.497099999999999653e+01 4.830823300000000597e-02
3.506199999999999761e+01 4.767405300000000096e-02
3.515400000000000347e+01 4.704072999999999588e-02
3.524499999999999744e+01 4.640654999999999780e-02
3.533599999999999852e+01 4.577237000000000666e-02
3.542799999999999727e+01 4.513818999999999471e-02
3.551899999999999835e+01 4.450486700000000351e-02
3.560999999999999943e+01 4.387068699999999849e-02
3.570100000000000051e+01 4.323650700000000041e-02
3.579299999999999926e+01 4.260232700000000233e-02
3.588400000000000034e+01 4.196900400000000420e-02
3.597500000000000142e+01 4.133482399999999918e-02
3.606700000000000017e+01 4.070064400000000110e-02
3.615800000000000125e+01 4.006646400000000302e-02
3.624900000000000233e+01 3.943314099999999794e-02
3.634000000000000341e+01 3.888551800000000086e-02
3.643200000000000216e+01 3.849729699999999977e-02
3.652300000000000324e+01 3.810907599999999867e-02
3.661399999999999721e+01 3.772085499999999758e-02
3.670499999999999829e+01 3.733177700000000349e-02
3.679699999999999704e+01 3.694355600000000239e-02
3.688799999999999812e+01 3.655533500000000130e-02
3.697899999999999920e+01 3.616625700000000027e-02
3.707099999999999795e+01 3.577803600000000611e-02
3.716199999999999903e+01 3.538981499999999808e-02
3.725300000000000011e+01 3.500159400000000393e-02
3.734400000000000119e+01 3.461251600000000289e-02
3.743599999999999994e+01 3.422429500000000180e-02
3.752700000000000102e+01 3.383607400000000071e-02
3.761800000000000210e+01 3.344699599999999967e-02
3.771000000000000085e+01 3.305877500000000552e-02
3.780100000000000193e+01 3.267055399999999749e-02
3.789200000000000301e+01 3.228233300000000333e-02
3.798299999999999699e+01 3.189325500000000230e-02
3.807500000000000284e+01 3.150503400000000120e-02
3.816599999999999682e+01 3.111681300000000011e-02
3.825699999999999790e+01 3.072773500000000255e-02
3.834899999999999665e+01 3.033951399999999798e-02
3.843999999999999773e+01 2.995129300000000036e-02
3.853099999999999881e+01 2.956307200000000274e-02
3.862199999999999989e+01 2.917399400000000170e-02
3.871399999999999864e+01 2.878577300000000061e-02
3.880499999999999972e+01 2.839755199999999952e-02
3.889600000000000080e+01 2.800847400000000195e-02
3.898799999999999955e+01 2.762025299999999739e-02
3.907900000000000063e+01 2.723203199999999977e-02
3.917000000000000171e+01 2.684381100000000214e-02
3.926100000000000279e+01 2.645473299999999764e-02
3.935300000000000153e+01 2.606651200000000002e-02
3.944400000000000261e+01 2.567829100000000239e-02
3.953499999999999659e+01 2.528921300000000136e-02
3.962700000000000244e+01 2.490099200000000026e-02
3.971800000000000352e+01 2.451277099999999917e-02
3.980899999999999750e+01 2.412455000000000155e-02
3.989999999999999858e+01 2.388973200000000380e-02
3.999199999999999733e+01 2.365919900000000228e-02
4.008299999999999841e+01 2.342866600000000077e-02
4.017399999999999949e+01 2.319813300000000272e-02
4.026500000000000057e+01 2.296674300000000127e-02
4.035699999999999932e+01 2.273620999999999975e-02
4.044800000000000040e+01 2.250567699999999824e-02
4.053900000000000148e+01 2.227514400000000366e-02
4.063100000000000023e+01 2.204461100000000215e-02
4.072200000000000131e+01 2.181322100000000069e-02
4.081300000000000239e+01 2.158268799999999918e-02
4.090400000000000347e+01 2.135215500000000113e-02
4.099600000000000222e+01 2.112162199999999962e-02
4.108700000000000330e+01 2.089023200000000163e-02
4.117799999999999727e+01 2.065969900000000012e-02
4.127000000000000313e+01 2.042916600000000207e-02
4.136099999999999710e+01 2.019863300000000056e-02
4.145199999999999818e+01 1.996724300000000257e-02
4.154299999999999926e+01 1.973671000000000106e-02
4.163499999999999801e+01 1.950617699999999954e-02
4.172599999999999909e+01 1.927564400000000150e-02
4.181700000000000017e+01 1.904425400000000004e-02
4.190899999999999892e+01 1.881372100000000200e-02
4.200000000000000000e+01 1.858318800000000048e-02
4.209100000000000108e+01 1.835265500000000244e-02
4.218200000000000216e+01 1.812212200000000092e-02
4.227400000000000091e+01 1.789073199999999947e-02
4.236500000000000199e+01 1.766019900000000142e-02
4.245600000000000307e+01 1.742966599999999991e-02
4.254800000000000182e+01 1.719913300000000186e-02
4.263900000000000290e+01 1.696774300000000041e-02
4.272999999999999687e+01 1.673721000000000236e-02
4.282099999999999795e+01 1.650667700000000085e-02
4.291299999999999670e+01 1.627614399999999933e-02
4.300399999999999778e+01 1.604475400000000135e-02
4.309499999999999886e+01 1.581422099999999983e-02
4.318699999999999761e+01 1.558368800000000179e-02
4.327799999999999869e+01 1.535315500000000027e-02
4.336899999999999977e+01 1.512176500000000055e-02
4.346000000000000085e+01 1.489123199999999904e-02
4.355199999999999960e+01 1.466069900000000099e-02
4.364300000000000068e+01 1.443016600000000121e-02
4.373400000000000176e+01 1.428790400000000058e-02
4.382500000000000284e+01 1.415506899999999929e-02
4.391700000000000159e+01 1.402223400000000147e-02
4.400800000000000267e+01 1.389025600000000013e-02
4.409899999999999665e+01 1.375742100000000058e-02
4.419100000000000250e+01 1.362458600000000103e-02
4.428199999999999648e+01 1.349260800000000142e-02
4.437299999999999756e+01 1.335977300000000013e-02
4.446399999999999864e+01 1.322779500000000226e-02
4.455599999999999739e+01 1.309496000000000097e-02
4.464699999999999847e+01 1.296212499999999969e-02
4.473799999999999955e+01 1.283014700000000008e-02
4.482999999999999829e+01 1.269731199999999879e-02
4.492099999999999937e+01 1.256447700000000098e-02
4.501200000000000045e+01 1.243249899999999963e-02
4.510300000000000153e+01 1.229966400000000182e-02
4.519500000000000028e+01 1.216682900000000053e-02
4.528600000000000136e+01 1.203485100000000092e-02
4.537700000000000244e+01 1.190201599999999964e-02
4.546900000000000119e+01 1.176918100000000009e-02
4.556000000000000227e+01 1.163720300000000048e-02
4.565100000000000335e+01 1.150436799999999919e-02
4.574199999999999733e+01 1.137153300000000138e-02
4.583400000000000318e+01 1.123955500000000003e-02
4.592499999999999716e+01 1.110672000000000048e-02
4.601599999999999824e+01 1.097388499999999920e-02
4.610799999999999699e+01 1.084190700000000132e-02
4.619899999999999807e+01 1.070907200000000004e-02
4.628999999999999915e+01 1.057623700000000222e-02
4.638100000000000023e+01 1.044425900000000088e-02
4.647299999999999898e+01 1.031142399999999959e-02
4.656400000000000006e+01 1.017944599999999998e-02
4.665500000000000114e+01 1.004661100000000043e-02
4.674699999999999989e+01 9.913776000000000879e-03
4.683800000000000097e+01 9.781798000000001270e-03
4.692900000000000205e+01 9.648962999999999984e-03
4.702000000000000313e+01 9.516128000000000434e-03
4.711200000000000188e+01 9.384150000000000824e-03
4.720300000000000296e+01 9.251314999999999539e-03
4.729399999999999693e+01 9.118479999999999988e-03
4.738600000000000279e+01 8.986502000000000379e-03
4.747699999999999676e+01 8.853667000000000828e-03
4.756799999999999784e+01 8.720832000000001277e-03
4.765899999999999892e+01 8.588853999999999933e-03
4.775099999999999767e+01 8.456104700000001417e-03
4.784199999999999875e+01 8.323526799999999767e-03
4.793299999999999983e+01 8.236541300000000537e-03
4.802400000000000091e+01 8.163182100000001065e-03
4.811599999999999966e+01 8.089822899999999858e-03
4.820700000000000074e+01 8.016463700000000386e-03
4.829800000000000182e+01 7.943104500000000914e-03
4.839000000000000057e+01 7.869745300000001442e-03
4.848100000000000165e+01 7.796300400000000068e-03
4.857200000000000273e+01 7.722941200000000596e-03
4.866299999999999670e+01 7.649582000000000256e-03
4.875500000000000256e+01 7.576222800000000784e-03
4.884599999999999653e+01 7.502863599999999578e-03
4.893699999999999761e+01 7.429504400000000106e-03
4.902900000000000347e+01 7.356145199999999766e-03
4.911999999999999744e+01 7.282786000000000294e-03
4.921099999999999852e+01 7.209426799999999955e-03
4.930199999999999960e+01 7.136067600000000483e-03
4.939399999999999835e+01 7.062708400000000143e-03
4.948499999999999943e+01 6.989349200000000671e-03
4.957600000000000051e+01 6.915990000000000332e-03
4.966799999999999926e+01 6.842630800000000860e-03
4.975900000000000034e+01 6.769271599999999653e-03
4.985000000000000142e+01 6.695912400000000181e-03
4.994100000000000250e+01 6.622553199999999841e-03
5.003300000000000125e+01 6.549194000000000369e-03
5.012400000000000233e+01 6.475834800000000030e-03
5.021500000000000341e+01 6.402475600000000558e-03
5.030700000000000216e+01 6.329116400000000218e-03
5.039800000000000324e+01 6.255757200000000746e-03
5.048899999999999721e+01 6.182397999999999540e-03
5.057999999999999829e+01 6.109038800000000935e-03
5.067199999999999704e+01 6.035679599999999728e-03
5.076299999999999812e+01 5.962320400000000256e-03
5.085399999999999920e+01 5.888961199999999917e-03
5.094599999999999795e+01 5.815602000000000445e-03
5.103699999999999903e+01 5.742242800000000105e-03
5.112800000000000011e+01 5.668883600000000633e-03
5.121900000000000119e+01 5.595438700000000126e-03
5.131099999999999994e+01 5.522079500000000654e-03
5.140200000000000102e+01 5.448720299999999447e-03
5.149300000000000210e+01 5.375361099999999975e-03
5.158400000000000318e+01 5.302001899999999636e-03
5.167600000000000193e+01 5.228642700000000164e-03
5.176700000000000301e+01 5.155283500000000692e-03
5.185799999999999699e+01 5.081924300000000352e-03
5.195000000000000284e+01 5.008565100000000013e-03
5.204099999999999682e+01 4.935205900000000541e-03
5.213199999999999790e+01 4.861846700000000202e-03
5.222299999999999898e+01 4.788487500000000729e-03
5.231499999999999773e+01 4.715128300000000390e-03
5.240599999999999881e+01 4.641769100000000051e-03
5.249699999999999989e+01 4.574580299999999634e-03
5.258899999999999864e+01 4.535586799999999710e-03
5.267999999999999972e+01 4.496507600000000486e-03
5.277100000000000080e+01 4.457514099999999695e-03
5.286200000000000188e+01 4.418520599999999771e-03
5.295400000000000063e+01 4.379527100000000714e-03
5.304500000000000171e+01 4.340533599999999922e-03
5.313600000000000279e+01 4.301540099999999998e-03
5.322800000000000153e+01 4.262546600000000074e-03
5.331900000000000261e+01 4.223553100000000150e-03
5.340999999999999659e+01 4.184559600000000226e-03
5.350099999999999767e+01 4.145480400000000135e-03
5.359300000000000352e+01 4.106486900000000211e-03
5.368399999999999750e+01 4.067493400000000286e-03
5.377499999999999858e+01 4.028499900000000362e-03
5.386699999999999733e+01 3.989506399999999571e-03
5.395799999999999841e+01 3.950512900000000514e-03
5.404899999999999949e+01 3.911519400000000590e-03
5.414000000000000057e+01 3.872525900000000233e-03
5.423199999999999932e+01 3.833532399999999875e-03
5.432300000000000040e+01 3.794453200000000217e-03
5.441400000000000148e+01 3.755459699999999859e-03
5.450600000000000023e+01 3.716466199999999935e-03
5.459700000000000131e+01 3.677472700000000445e-03
5.468800000000000239e+01 3.638479200000000087e-03
5.477900000000000347e+01 3.599485700000000163e-03
5.487100000000000222e+01 3.560492199999999805e-03
5.496200000000000330e+01 3.521498699999999881e-03
5.505299999999999727e+01 3.482419500000000223e-03
5.514399999999999835e+01 3.443425999999999865e-03
5.523599999999999710e+01 3.404432500000000375e-03
5.532699999999999818e+01 3.365439000000000451e-03
5.541799999999999926e+01 3.326445500000000093e-03
5.550999999999999801e+01 3.287452000000000169e-03
5.560099999999999909e+01 3.248458499999999811e-03
5.569200000000000017e+01 3.209465000000000321e-03
5.578300000000000125e+01 3.170471499999999963e-03
5.587500000000000000e+01 3.131392299999999872e-03
5.596600000000000108e+01 3.092398800000000381e-03
5.605700000000000216e+01 3.053405300000000024e-03
5.614900000000000091e+01 3.014411800000000100e-03
5.624000000000000199e+01 2.975418299999999742e-03
5.633100000000000307e+01 2.936424800000000251e-03
5.642199999999999704e+01 2.897431300000000327e-03
5.651400000000000290e+01 2.858437799999999970e-03
5.660499999999999687e+01 2.819444300000000046e-03
5.669599999999999795e+01 2.780365100000000388e-03
5.678799999999999670e+01 2.741371600000000030e-03
5.687899999999999778e+01 2.702378100000000106e-03
5.696999999999999886e+01 2.663384600000000182e-03
5.706099999999999994e+01 2.624391100000000258e-03
5.715299999999999869e+01 2.585397599999999900e-03
5.724399999999999977e+01 2.546404100000000410e-03
5.733500000000000085e+01 2.507410600000000052e-03
5.742699999999999960e+01 2.468417100000000128e-03
5.751800000000000068e+01 2.429337900000000036e-03
5.760900000000000176e+01 2.404056400000000038e-03
5.770000000000000284e+01 2.384259699999999923e-03
5.779200000000000159e+01 2.364377300000000074e-03
5.788300000000000267e+01 2.344580600000000393e-03
5.797399999999999665e+01 2.324783899999999844e-03
5.806600000000000250e+01 2.304987200000000163e-03
5.815699999999999648e+01 2.285104800000000314e-03
5.824799999999999756e+01 2.265308100000000199e-03
5.833899999999999864e+01 2.245511400000000084e-03
5.843099999999999739e+01 2.225629000000000236e-03
5.852199999999999847e+01 2.205832300000000121e-03
5.861299999999999955e+01 2.186035600000000006e-03
5.870499999999999829e+01 2.166238899999999891e-03
5.879599999999999937e+01 2.146356500000000042e-03
5.888700000000000045e+01 2.126559799999999927e-03
5.897800000000000153e+01 2.106763100000000246e-03
5.907000000000000028e+01 2.086966400000000131e-03
5.916100000000000136e+01 2.067083999999999849e-03
5.925200000000000244e+01 2.047287300000000167e-03
5.934300000000000352e+01 2.027490600000000052e-03
5.943500000000000227e+01 2.007608199999999770e-03
5.952600000000000335e+01 1.987811500000000089e-03
5.961699999999999733e+01 1.968014799999999974e-03
5.970900000000000318e+01 1.948218100000000076e-03
5.979999999999999716e+01 1.928335700000000010e-03
5.989099999999999824e+01 1.908538999999999895e-03
5.998199999999999932e+01 1.888742299999999997e-03
6.007399999999999807e+01 1.868859900000000148e-03
6.016499999999999915e+01 1.849063200000000250e-03
6.025600000000000023e+01 1.829266500000000135e-03
6.034799999999999898e+01 1.809469800000000237e-03
6.043900000000000006e+01 1.789587400000000172e-03
6.053000000000000114e+01 1.769790700000000057e-03
6.062100000000000222e+01 1.749994000000000159e-03
6.071300000000000097e+01 1.730111600000000093e-03
6.080400000000000205e+01 1.710314899999999978e-03
6.089500000000000313e+01 1.690518200000000080e-03
6.098700000000000188e+01 1.670721499999999965e-03
6.107800000000000296e+01 1.650839099999999900e-03
6.116899999999999693e+01 1.631042400000000002e-03
6.125999999999999801e+01 1.611245699999999887e-03
6.135199999999999676e+01 1.591448999999999989e-03
6.144299999999999784e+01 1.571566599999999923e-03
6.153399999999999892e+01 1.551769900000000242e-03
6.162599999999999767e+01 1.531973199999999910e-03
6.171699999999999875e+01 1.512090800000000061e-03
6.180799999999999983e+01 1.492294100000000163e-03
6.189900000000000091e+01 1.472497400000000048e-03
6.199099999999999966e+01 1.452700700000000150e-03
6.208200000000000074e+01 1.432818300000000085e-03
6.217300000000000182e+01 1.413021599999999970e-03
6.226500000000000057e+01 1.393224900000000072e-03
6.235600000000000165e+01 1.373342500000000006e-03
6.244700000000000273e+01 1.353545800000000108e-03
6.253799999999999670e+01 1.333749099999999993e-03
6.263000000000000256e+01 1.313952400000000095e-03
6.272099999999999653e+01 1.294070000000000029e-03
6.281199999999999761e+01 1.274273299999999914e-03
6.290299999999999869e+01 1.254476600000000016e-03
6.299499999999999744e+01 1.234594200000000168e-03
6.308599999999999852e+01 1.214797500000000053e-03
6.317699999999999960e+01 1.204084999999999921e-03
6.326899999999999835e+01 1.194572299999999967e-03
6.335999999999999943e+01 1.184973900000000063e-03
6.345100000000000051e+01 1.175375499999999941e-03
6.354200000000000159e+01 1.165862799999999987e-03
6.363400000000000034e+01 1.156264400000000083e-03
6.372500000000000142e+01 1.146666000000000178e-03
6.381600000000000250e+01 1.137067600000000057e-03
6.390800000000000125e+01 1.127554900000000103e-03
6.399900000000000233e+01 1.117956499999999982e-03
6.409000000000000341e+01 1.108358100000000077e-03
6.418099999999999739e+01 1.098845400000000123e-03
6.427299999999999613e+01 1.089247000000000002e-03
6.436400000000000432e+01 1.079648600000000097e-03
6.445499999999999829e+01 1.070050199999999976e-03
6.454699999999999704e+01 1.060537500000000022e-03
6.463800000000000523e+01 1.050939099999999900e-03
6.472899999999999920e+01 1.041340699999999996e-03
6.481999999999999318e+01 1.031828000000000042e-03
6.491200000000000614e+01 1.022229600000000137e-03
6.500300000000000011e+01 1.012631200000000016e-03
6.509399999999999409e+01 1.003032800000000111e-03
6.518600000000000705e+01 9.935201000000001576e-04
6.527700000000000102e+01 9.839217000000000362e-04
6.536799999999999500e+01 9.743233000000001316e-04
6.545900000000000318e+01 9.647249000000001186e-04
6.555100000000000193e+01 9.552122000000000564e-04
6.564199999999999591e+01 9.456138000000000434e-04
6.573300000000000409e+01 9.360154000000000304e-04
6.582500000000000284e+01 9.265027000000000765e-04
6.591599999999999682e+01 9.169043000000000635e-04
6.600700000000000500e+01 9.073059000000000505e-04
6.609799999999999898e+01 8.977075000000000376e-04
6.618999999999999773e+01 8.881947999999999753e-04
6.628100000000000591e+01 8.785963999999999623e-04
6.637199999999999989e+01 8.689979999999999493e-04
6.646399999999999864e+01 8.594852999999999955e-04
6.655500000000000682e+01 8.498697599999999490e-04
6.664600000000000080e+01 8.402970700000000947e-04
6.673699999999999477e+01 8.307243800000000235e-04
6.682899999999999352e+01 8.211516900000000608e-04
6.692000000000000171e+01 8.115790000000000981e-04
6.701099999999999568e+01 8.019977400000000102e-04
6.710200000000000387e+01 7.924250500000000474e-04
6.719400000000000261e+01 7.828523599999999763e-04
6.728499999999999659e+01 7.732796700000000136e-04
6.737600000000000477e+01 7.637069800000000509e-04
6.746800000000000352e+01 7.541257199999999630e-04
6.755899999999999750e+01 7.445530300000000002e-04
6.765000000000000568e+01 7.349803399999999291e-04
6.774099999999999966e+01 7.254076500000000748e-04
6.783299999999999841e+01 7.158349600000001121e-04
6.792400000000000659e+01 7.062622700000000409e-04
6.801500000000000057e+01 6.966810100000000614e-04
6.810699999999999932e+01 6.871083199999999903e-04
6.819799999999999329e+01 6.775356300000000276e-04
6.828900000000000148e+01 6.679629400000000649e-04
6.837999999999999545e+01 6.583902499999999937e-04
6.847199999999999420e+01 6.488089900000000142e-04
6.856300000000000239e+01 6.392363000000000515e-04
6.865399999999999636e+01 6.296636099999999804e-04
6.874599999999999511e+01 6.200909200000000177e-04
6.883700000000000330e+01 6.105182299999999465e-04
6.892799999999999727e+01 6.009369700000000755e-04
6.901900000000000546e+01 5.913642800000000043e-04
6.911100000000000421e+01 5.817915900000000416e-04
6.920199999999999818e+01 5.732987200000000221e-04
6.929300000000000637e+01 5.689365899999999487e-04
6.938500000000000512e+01 5.645658899999999670e-04
6.947599999999999909e+01 5.601951899999999852e-04
6.956699999999999307e+01 5.558330600000000203e-04
6.965800000000000125e+01 5.514623600000000386e-04
6.975000000000000000e+01 5.471002299999999652e-04
6.984099999999999397e+01 5.427295299999999835e-04
6.993200000000000216e+01 5.383674000000000185e-04
7.002400000000000091e+01 5.339967000000000368e-04
7.011499999999999488e+01 5.296345700000000718e-04
7.020600000000000307e+01 5.252638700000000901e-04
7.029699999999999704e+01 5.209017400000000167e-04
7.038899999999999579e+01 5.165310400000000350e-04
7.048000000000000398e+01 5.121689099999999616e-04
7.057099999999999795e+01 5.077982099999999799e-04
7.066200000000000614e+01 5.034275099999999982e-04
7.075400000000000489e+01 4.990653800000000332e-04
7.084499999999999886e+01 4.946946800000000515e-04
7.093600000000000705e+01 4.903325500000000866e-04
7.102800000000000580e+01 4.859618500000000506e-04
7.111899999999999977e+01 4.815997200000000315e-04
7.120999999999999375e+01 4.772290200000000497e-04
7.130100000000000193e+01 4.728668899999999764e-04
7.139300000000000068e+01 4.684961899999999946e-04
7.148399999999999466e+01 4.641340600000000297e-04
7.157500000000000284e+01 4.597633599999999938e-04
7.166700000000000159e+01 4.554012300000000288e-04
7.175799999999999557e+01 4.510305299999999929e-04
7.184900000000000375e+01 4.466598300000000112e-04
7.193999999999999773e+01 4.422977000000000462e-04
7.203199999999999648e+01 4.379270000000000103e-04
7.212300000000000466e+01 4.335648700000000453e-04
7.221399999999999864e+01 4.291941700000000636e-04
7.230599999999999739e+01 4.248320399999999902e-04
7.239700000000000557e+01 4.204613400000000085e-04
7.248799999999999955e+01 4.160992099999999893e-04
7.257899999999999352e+01 4.117285100000000076e-04
7.267100000000000648e+01 4.073663800000000427e-04
7.276200000000000045e+01 4.029956800000000067e-04
7.285299999999999443e+01 3.986335500000000418e-04
7.294499999999999318e+01 3.942628500000000600e-04
7.303600000000000136e+01 3.898921500000000241e-04
7.312699999999999534e+01 3.855300199999999507e-04
7.321800000000000352e+01 3.811593200000000232e-04
7.331000000000000227e+01 3.767971900000000041e-04
7.340099999999999625e+01 3.724264899999999681e-04
7.349200000000000443e+01 3.680643600000000032e-04
7.358400000000000318e+01 3.636936600000000215e-04
7.367499999999999716e+01 3.593315300000000023e-04
7.376600000000000534e+01 3.549608300000000206e-04
7.385699999999999932e+01 3.505987000000000556e-04
7.394899999999999807e+01 3.462280000000000197e-04
7.404000000000000625e+01 3.418658700000000005e-04
7.413100000000000023e+01 3.374951699999999646e-04
7.422199999999999420e+01 3.331244699999999829e-04
7.431399999999999295e+01 3.287623400000000179e-04
7.440500000000000114e+01 3.243916400000000362e-04
7.449599999999999511e+01 3.200295100000000170e-04
7.458799999999999386e+01 3.156588099999999811e-04
7.467900000000000205e+01 3.112966800000000161e-04
7.476999999999999602e+01 3.069259800000000344e-04
7.486100000000000421e+01 3.025638500000000152e-04
7.495300000000000296e+01 2.981931499999999793e-04
7.504399999999999693e+01 2.938310200000000144e-04
7.513500000000000512e+01 2.894603200000000326e-04
7.522700000000000387e+01 2.850896199999999967e-04
7.531799999999999784e+01 2.807274899999999775e-04
7.540900000000000603e+01 2.763567899999999958e-04
7.550000000000000000e+01 2.719946600000000309e-04
7.559199999999999875e+01 2.676239599999999949e-04
7.568300000000000693e+01 2.632618300000000300e-04
7.577400000000000091e+01 2.588911300000000483e-04
7.586599999999999966e+01 2.547346799999999976e-04
7.595699999999999363e+01 2.528664200000000305e-04
7.604800000000000182e+01 2.509981600000000092e-04
7.613899999999999579e+01 2.491298999999999879e-04
7.623099999999999454e+01 2.472702100000000376e-04
7.632200000000000273e+01 2.454019500000000163e-04
7.641299999999999670e+01 2.435336899999999949e-04
7.650499999999999545e+01 2.416654300000000007e-04
7.659600000000000364e+01 2.397971700000000065e-04
7.668699999999999761e+01 2.379289100000000123e-04
7.677800000000000580e+01 2.360692200000000078e-04
7.687000000000000455e+01 2.342009599999999865e-04
7.696099999999999852e+01 2.323326999999999923e-04
7.705200000000000671e+01 2.304644399999999981e-04
7.714400000000000546e+01 2.285961800000000039e-04
7.723499999999999943e+01 2.267279200000000096e-04
7.732599999999999341e+01 2.248596600000000154e-04
7.741700000000000159e+01 2.229999700000000109e-04
7.750900000000000034e+01 2.211317100000000167e-04
7.759999999999999432e+01 2.192634500000000225e-04
7.769100000000000250e+01 2.173951900000000283e-04
7.778300000000000125e+01 2.155269300000000070e-04
7.787399999999999523e+01 2.136586699999999857e-04
7.796500000000000341e+01 2.117989800000000353e-04
7.805599999999999739e+01 2.099307199999999869e-04
7.814799999999999613e+01 2.080624599999999927e-04
7.823900000000000432e+01 2.061941999999999985e-04
7.832999999999999829e+01 2.043259400000000043e-04
7.842100000000000648e+01 2.024576800000000101e-04
7.851300000000000523e+01 2.005979900000000055e-04
7.860399999999999920e+01 1.987297300000000113e-04
7.869499999999999318e+01 1.968614700000000171e-04
7.878700000000000614e+01 1.949932100000000229e-04
7.887800000000000011e+01 1.931249500000000287e-04
7.896899999999999409e+01 1.912566900000000074e-04
7.906000000000000227e+01 1.893970000000000029e-04
7.915200000000000102e+01 1.875287400000000086e-04
7.924299999999999500e+01 1.856604800000000144e-04
7.933400000000000318e+01 1.837922200000000202e-04
7.942600000000000193e+01 1.819239599999999989e-04
7.951699999999999591e+01 1.800557000000000047e-04
7.960800000000000409e+01 1.781874400000000105e-04
7.969899999999999807e+01 1.763277500000000331e-04
7.979099999999999682e+01 1.744594899999999847e-04
7.988200000000000500e+01 1.725912299999999905e-04
7.997299999999999898e+01 1.707229699999999962e-04
8.006499999999999773e+01 1.688547100000000020e-04
8.015600000000000591e+01 1.669864500000000078e-04
8.024699999999999989e+01 1.651267600000000033e-04
8.033799999999999386e+01 1.632585000000000091e-04
8.043000000000000682e+01 1.613902400000000149e-04
8.052100000000000080e+01 1.595219800000000207e-04
8.061199999999999477e+01 1.576537199999999994e-04
8.070399999999999352e+01 1.557854600000000052e-04
8.079500000000000171e+01 1.539257700000000006e-04
8.088599999999999568e+01 1.520575100000000064e-04
8.097700000000000387e+01 1.501892500000000122e-04
8.106900000000000261e+01 1.483209900000000180e-04
8.115999999999999659e+01 1.464527299999999967e-04
8.125100000000000477e+01 1.445844700000000025e-04
8.134300000000000352e+01 1.427247799999999979e-04
8.143399999999999750e+01 1.408565200000000037e-04
8.152500000000000568e+01 1.389882600000000095e-04
8.161599999999999966e+01 1.371199999999999882e-04
8.170799999999999841e+01 1.352517399999999940e-04
8.179900000000000659e+01 1.333834799999999998e-04
8.189000000000000057e+01 1.315152200000000056e-04
8.198099999999999454e+01 1.296555300000000010e-04
8.207299999999999329e+01 1.277872700000000068e-04
8.216400000000000148e+01 1.259190100000000126e-04
8.225499999999999545e+01 1.240507499999999913e-04
8.234699999999999420e+01 1.221824899999999971e-04
8.243800000000000239e+01 1.203142300000000029e-04
8.252899999999999636e+01 1.184545400000000119e-04
8.262000000000000455e+01 1.165862800000000042e-04
8.271200000000000330e+01 1.147180199999999964e-04
8.280299999999999727e+01 1.128497600000000022e-04
8.289400000000000546e+01 1.109815000000000080e-04
8.298600000000000421e+01 1.091132400000000002e-04
8.307699999999999818e+01 1.072535500000000092e-04
8.316800000000000637e+01 1.053852900000000150e-04
8.325900000000000034e+01 1.045454299999999990e-04
8.335099999999999909e+01 1.037998400000000047e-04
8.344199999999999307e+01 1.030628200000000000e-04
8.353300000000000125e+01 1.023172299999999921e-04
8.362500000000000000e+01 1.015802100000000010e-04
8.371599999999999397e+01 1.008346200000000066e-04
8.380700000000000216e+01 1.000976000000000155e-04
8.389799999999999613e+01 9.935201000000000763e-05
8.398999999999999488e+01 9.861499000000000295e-05
8.408100000000000307e+01 9.786940000000000862e-05
8.417199999999999704e+01 9.713238000000000395e-05
8.426399999999999579e+01 9.638679000000000962e-05
8.435500000000000398e+01 9.564977000000000494e-05
8.444599999999999795e+01 9.490417999999999706e-05
8.453700000000000614e+01 9.416716000000000593e-05
8.462900000000000489e+01 9.342156999999999805e-05
8.471999999999999886e+01 9.268454999999999337e-05
8.481100000000000705e+01 9.193895999999999904e-05
8.490300000000000580e+01 9.120193999999999437e-05
8.499399999999999977e+01 9.045635000000001359e-05
8.508499999999999375e+01 8.971933000000000891e-05
8.517600000000000193e+01 8.897374000000001458e-05
8.526800000000000068e+01 8.823672000000000991e-05
8.535899999999999466e+01 8.749113000000000202e-05
8.545000000000000284e+01 8.675411000000001090e-05
8.554099999999999682e+01 8.600852000000000302e-05
8.563299999999999557e+01 8.527064299999999395e-05
8.572400000000000375e+01 8.452933800000000800e-05
8.581499999999999773e+01 8.378803299999999495e-05
8.590699999999999648e+01 8.304672800000000900e-05
8.599800000000000466e+01 8.230542300000000949e-05
8.608899999999999864e+01 8.156411799999999644e-05
8.618000000000000682e+01 8.082281299999999693e-05
8.627200000000000557e+01 8.008150800000001098e-05
8.636299999999999955e+01 7.934020300000001148e-05
8.645399999999999352e+01 7.859889799999999842e-05
8.654600000000000648e+01 7.785759299999999892e-05
8.663700000000000045e+01 7.711628799999999942e-05
8.672799999999999443e+01 7.637498299999999991e-05
8.681900000000000261e+01 7.563367800000000041e-05
8.691100000000000136e+01 7.489237300000000091e-05
8.700199999999999534e+01 7.415106800000000140e-05
8.709300000000000352e+01 7.340976300000000190e-05
8.718500000000000227e+01 7.266845800000000240e-05
8.727599999999999625e+01 7.192715300000000289e-05
8.736700000000000443e+01 7.118584800000000339e-05
8.745799999999999841e+01 7.044454300000000389e-05
8.754999999999999716e+01 6.970323800000000438e-05
8.764100000000000534e+01 6.896193300000000488e-05
8.773199999999999932e+01 6.822062800000000538e-05
8.782399999999999807e+01 6.747932300000000587e-05
8.791500000000000625e+01 6.673801800000000637e-05
8.800600000000000023e+01 6.599671300000000687e-05
8.809699999999999420e+01 6.525540799999999381e-05
8.818899999999999295e+01 6.451324600000000347e-05
8.828000000000000114e+01 6.377194100000000397e-05
8.837099999999999511e+01 6.303063600000000447e-05
8.846299999999999386e+01 6.228933099999999141e-05
8.855400000000000205e+01 6.154802600000000546e-05
8.864499999999999602e+01 6.080672100000000596e-05
8.873600000000000421e+01 6.006541600000000645e-05
8.882800000000000296e+01 5.932411100000000017e-05
8.891899999999999693e+01 5.858280600000000067e-05
8.901000000000000512e+01 5.784150100000000117e-05
8.910200000000000387e+01 5.710019599999999489e-05
8.919299999999999784e+01 5.635889100000000893e-05
8.928400000000000603e+01 5.561758600000000265e-05
8.937500000000000000e+01 5.487628100000000315e-05
8.946699999999999875e+01 5.413497600000000365e-05
8.955800000000000693e+01 5.339367099999999737e-05
8.964900000000000091e+01 5.265236599999999787e-05
8.973999999999999488e+01 5.191106099999999836e-05
8.983199999999999363e+01 5.116975600000000563e-05
8.992300000000000182e+01 5.042845100000000613e-05
9.001399999999999579e+01 4.968714600000000663e-05
9.010599999999999454e+01 4.894584100000000035e-05
9.019700000000000273e+01 4.820453600000000084e-05
9.028799999999999670e+01 4.746323100000000134e-05
9.037900000000000489e+01 4.672192599999999506e-05
9.047100000000000364e+01 4.598062099999999556e-05
9.056199999999999761e+01 4.523931600000000283e-05
9.065300000000000580e+01 4.449801100000000333e-05
9.074500000000000455e+01 4.375670600000000382e-05
9.083599999999999852e+01 4.301540100000000432e-05
9.092700000000000671e+01 4.227409599999999804e-05
9.101800000000000068e+01 4.153279099999999854e-05
9.110999999999999943e+01 4.079148599999999903e-05
9.120099999999999341e+01 4.005018099999999953e-05
