1.030669758950456538e-01 3.594103848166332114e+06
1.033332735155972348e-01 3.609700768893975299e+06
1.036002591782893417e-01 3.625337987911557779e+06
1.038679346608396281e-01 3.641015609339127783e+06
1.041363017455589346e-01 3.656733737565756310e+06
1.044053622193630987e-01 3.672492477250224445e+06
1.046751178737848897e-01 3.688291933321726508e+06
1.049455705049858883e-01 3.704132210980563425e+06
1.052167219137685045e-01 3.720013415698846336e+06
1.054885739055879124e-01 3.735935653221196961e+06
1.057611282905641797e-01 3.751899029565459583e+06
1.060343868834941472e-01 3.767903651023391634e+06
1.063083515038636684e-01 3.783949624161385465e+06
1.065830239758596282e-01 3.800037055821170099e+06
1.068584061283821274e-01 3.816166053120524622e+06
1.071344997950567091e-01 3.832336723453998100e+06
1.074113068142464322e-01 3.848549174493608996e+06
1.076888290290642647e-01 3.864803514189577661e+06
1.079670682873852677e-01 3.881099850771039724e+06
1.082460264418589058e-01 3.897438292746761814e+06
1.085257053499214114e-01 3.913818948905872647e+06
1.088061068738081227e-01 3.930241928318579681e+06
1.090872328805659180e-01 3.946707340336900204e+06
1.093690852420656084e-01 3.963215294595388696e+06
1.096516658350144419e-01 3.979765901011865120e+06
1.099349765409685653e-01 3.996359269788147882e+06
1.102190192463455426e-01 4.012995511410787236e+06
1.105037958424369970e-01 4.029674736651803367e+06
1.107893082254210876e-01 4.046397056569419801e+06
1.110755582963752069e-01 4.063162582508802880e+06
1.113625479612886660e-01 4.079971426102811005e+06
1.116502791310752946e-01 4.096823699272728059e+06
1.119387537215862510e-01 4.113719514229014516e+06
1.122279736536227063e-01 4.130658983472049236e+06
1.125179408529486808e-01 4.147642219792886171e+06
1.128086572503038953e-01 4.164669336274000816e+06
1.131001247814165250e-01 4.182410779666027520e+06
1.133923453870162162e-01 4.200290538483012468e+06
1.136853210128468822e-01 4.218216493835670874e+06
1.139790536096797618e-01 4.236188765083553270e+06
1.142735451333263541e-01 4.254207471894598566e+06
1.145687975446514628e-01 4.272272734245937318e+06
1.148648128095862142e-01 4.290384672424689867e+06
1.151615928991412269e-01 4.308543407028761692e+06
1.154591397894196431e-01 4.326749058967659250e+06
1.157574554616303403e-01 4.345001749463278800e+06
1.160565419021011013e-01 4.363301600050723180e+06
1.163564011022919092e-01 4.381648732579117641e+06
1.166570350588081034e-01 4.400043269212406129e+06
1.169584457734136884e-01 4.418485332430168055e+06
1.172606352530447538e-01 4.436975045028447174e+06
1.175636055098227412e-01 4.455512530120551586e+06
1.178673585610678920e-01 4.474097911137884483e+06
1.181718964293126534e-01 4.492731311830762774e+06
1.184772211423151950e-01 4.511412856269242242e+06
1.187833347330728151e-01 4.530142668843940832e+06
1.190902392398355825e-01 4.548920874266868457e+06
1.193979367061198393e-01 4.567747597572260536e+06
1.197064291807218572e-01 4.586622964117405936e+06
1.200157187177313955e-01 4.605547099583480507e+06
1.203258073765454961e-01 4.624520129976392724e+06
1.206366972218820971e-01 4.643542181627610698e+06
1.209483903237938279e-01 4.662613381195014343e+06
1.212608887576817895e-01 4.681733855663730763e+06
1.215741946043093630e-01 4.700903732346984558e+06
1.218883099498160594e-01 4.720123138886942528e+06
1.222032368857313839e-01 4.739392203255562112e+06
1.225189775089889216e-01 4.758711053755456582e+06
1.228355339219400627e-01 4.778079819020727649e+06
1.231529082323681162e-01 4.797498628017835319e+06
1.234711025535023959e-01 4.816967610046463087e+06
1.237901190040321953e-01 4.836486894740357995e+06
1.241099597081209566e-01 4.856056612068215385e+06
1.244306267954203848e-01 4.875676892334531061e+06
1.247521224010846447e-01 4.895347866180473007e+06
1.250744486657845989e-01 4.915069664584754966e+06
1.253976077357219499e-01 4.934842418864498846e+06
1.257216017626437143e-01 4.954666260676119477e+06
1.260464329038563647e-01 4.974541322016194463e+06
1.263721033222403312e-01 4.992734156447792426e+06
1.266986151862643795e-01 5.010888628297138028e+06
1.270259706699999325e-01 5.029090006467483006e+06
1.273541719531356420e-01 5.047338412152269855e+06
1.276832212209920159e-01 5.065633966858074069e+06
1.280131206645357678e-01 5.083976792405414395e+06
1.283438724803944442e-01 5.102367010929553770e+06
1.286754788708711350e-01 5.120804744881324470e+06
1.290079420439591007e-01 5.139290117027940229e+06
1.293412642133564550e-01 5.157823250453810208e+06
1.296754475984809585e-01 5.176404268561362289e+06
1.300104944244846739e-01 5.195033295071864501e+06
1.303464069222689259e-01 5.213710454026243649e+06
1.306831873284990952e-01 5.232435869785918854e+06
1.310208378856194678e-01 5.251209667033622973e+06
1.313593608418682779e-01 5.270031970774241723e+06
1.316987584512925302e-01 5.288902906335634179e+06
1.320390329737631541e-01 5.307822599369475618e+06
1.323801866749899081e-01 5.326791175852091983e+06
1.327222218265366460e-01 5.345808762085297145e+06
1.330651407058362212e-01 5.364875484697234817e+06
1.334089455962058357e-01 5.383991470643224195e+06
1.337536387868621945e-01 5.403156847206603736e+06
1.340992225729366327e-01 5.422371741999574937e+06
1.344456992554906583e-01 5.441636282964060083e+06
1.347930711415309402e-01 5.460950598372544162e+06
1.351413405440249349e-01 5.480314816828936338e+06
1.354905097819161242e-01 5.499729067269423977e+06
1.358405811801396135e-01 5.519193478963331319e+06
1.361915570696374533e-01 5.538708181513982825e+06
1.365434397873742101e-01 5.558273304859555326e+06
1.368962316763526199e-01 5.577888979273959063e+06
1.372499350856290767e-01 5.597555335367697291e+06
1.376045523703292861e-01 5.617272504088729620e+06
1.379600858916639750e-01 5.637040616723357700e+06
1.383165380169446568e-01 5.656859804897086695e+06
1.386739111195993135e-01 5.676730200575510040e+06
1.390322075791882162e-01 5.696651936065182090e+06
1.393914297814198011e-01 5.716625144014504738e+06
1.397515801181666018e-01 5.736649957414610311e+06
1.401126609874810136e-01 5.756726509600238875e+06
1.404746747936114204e-01 5.776854934250636958e+06
1.408376239470181257e-01 5.797035365390439518e+06
1.412015108643894234e-01 5.817267937390567735e+06
1.415663379686576684e-01 5.837552784969117492e+06
1.419321076890154576e-01 5.857890043192265555e+06
1.422988224609317565e-01 5.878279847475160845e+06
1.426664847261681635e-01 5.898722333582831547e+06
1.430350969327950916e-01 5.919217637631081045e+06
1.434046615352081444e-01 5.939765896087407134e+06
1.437751809941444081e-01 5.960367245771894231e+06
1.441466577766989110e-01 5.981021823858141899e+06
1.445190943563409436e-01 6.001729767874167301e+06
1.448924932129306009e-01 6.022491215703320689e+06
1.452668568327352694e-01 6.043306305585207418e+06
1.456421877084461969e-01 6.064175176116608083e+06
1.460184883391950628e-01 6.085097966252400540e+06
1.463957612305707146e-01 6.106074815306486562e+06
1.467740088946356269e-01 6.127318417581922375e+06
1.471532338499429438e-01 6.148913277099188417e+06
1.475334386215529647e-01 6.170563931983064860e+06
1.479146257410500487e-01 6.192270526393919252e+06
1.482967977465596554e-01 6.214033204864600673e+06
1.486799571827649158e-01 6.235852112301379442e+06
1.490641066009238402e-01 6.257727393984935246e+06
1.494492485588861386e-01 6.279659195571306162e+06
1.498353856211104285e-01 6.301647663092873991e+06
1.502225203586810831e-01 6.323692942959323525e+06
1.506106553493255784e-01 6.345795181958627887e+06
1.509997931774314517e-01 6.367954527258017100e+06
1.513899364340637044e-01 6.390171126404964365e+06
1.517810877169818995e-01 6.412445127328166738e+06
1.521732496306575366e-01 6.434776678338527679e+06
1.525664247862913991e-01 6.457165928130148910e+06
1.529606158018308737e-01 6.479613025781316683e+06
1.533558253019874362e-01 6.502118120755495504e+06
1.537520559182541657e-01 6.524681362902324647e+06
1.541493102889231748e-01 6.547302902458614670e+06
1.545475910591032342e-01 6.569982890049347654e+06
1.549469008807373427e-01 6.592721476688681170e+06
1.553472424126204621e-01 6.615518813780954108e+06
1.557486183204171148e-01 6.638375053121688776e+06
1.561510312766792585e-01 6.661290346898614429e+06
1.565544839608639383e-01 6.684264847692663781e+06
1.569589790593512724e-01 6.707298708479008637e+06
1.573645192654622438e-01 6.730392082628060132e+06
1.577711072794766300e-01 6.753545123906498775e+06
1.581787458086510723e-01 6.776757986478301696e+06
1.585874375672369774e-01 6.800030824905757792e+06
1.589971852764986704e-01 6.823363794150508009e+06
1.594079916647315742e-01 6.846757049574577250e+06
1.598198594672801953e-01 6.870210746941392310e+06
1.602327914265564979e-01 6.893725042416843586e+06
1.606467902920581114e-01 6.917300092570306733e+06
1.610618588203865942e-01 6.940936054375688545e+06
1.614779997752658625e-01 6.964633085212479346e+06
1.618952159275605651e-01 6.988391342866796069e+06
1.623135100552945131e-01 7.012210985532431863e+06
1.627328849436691371e-01 7.036092171811903827e+06
1.631533433850822501e-01 7.060035060717532411e+06
1.635748881791463105e-01 7.084039811672464944e+06
1.639975221327072963e-01 7.108106584511767142e+06
1.644212480598633008e-01 7.132235539483471774e+06
1.648460687819833514e-01 7.156426837249651551e+06
1.652719871277260888e-01 7.180680638887486421e+06
1.656990059330586684e-01 7.204997105890336446e+06
1.661271280412756624e-01 7.229376400168818422e+06
1.665563563030178773e-01 7.253818684051881544e+06
1.669866935762915339e-01 7.278324120287892409e+06
1.674181427264870847e-01 7.302892872045714408e+06
1.678507066263984215e-01 7.327525102915794589e+06
1.682843881562419153e-01 7.352220976911252365e+06
1.687191902036758173e-01 7.376980658468984999e+06
1.691551156638191333e-01 7.401804312450737692e+06
1.695921674392711909e-01 7.426692104144218378e+06
1.700303484401307907e-01 7.451644199264197610e+06
1.704696615840156915e-01 7.476660763953602873e+06
1.709101097960820104e-01 7.501741964784638025e+06
1.713516960090437080e-01 7.526887968759880401e+06
1.717944231631920171e-01 7.552098943313396536e+06
1.722382942064151767e-01 7.577375056311863475e+06
1.726833120942179167e-01 7.602716476055673324e+06
1.731294797897413029e-01 7.628123371280069463e+06
1.735768002637822771e-01 7.653595911156258546e+06
1.740252764948135578e-01 7.679134265292537399e+06
1.744749114690034575e-01 7.704738603735432029e+06
1.749257081802357283e-01 7.730409096970818006e+06
1.753776696301295734e-01 7.756145915925065055e+06
1.758307988280594925e-01 7.781949231966168620e+06
1.762850987911754874e-01 7.807819216904892586e+06
1.767405725444230191e-01 7.833756042995915748e+06
1.771972231205632409e-01 7.859759882938979194e+06
1.776550535601931491e-01 7.885830909880028106e+06
1.781140669117658171e-01 7.911969297412378713e+06
1.785742662316106288e-01 7.938175219577855431e+06
1.790356545839539293e-01 7.964448850867972709e+06
1.794982350409390359e-01 7.990841727790686302e+06
1.799620106826468613e-01 8.017389953600239940e+06
1.804269845971165076e-01 8.044006772955897264e+06
1.808931598803656671e-01 8.070692363085118122e+06
1.813605396364114108e-01 8.097446901673266664e+06
1.818291269772906726e-01 8.124270566864802502e+06
1.822989250230811209e-01 8.151163537264461629e+06
1.827699369019218645e-01 8.178125991938445717e+06
1.832421657500342416e-01 8.205158110415617935e+06
1.837156147117428029e-01 8.232260072688694112e+06
1.841902869394961839e-01 8.259432059215444140e+06
1.846661855938881436e-01 8.286674250919896178e+06
1.851433138436784920e-01 8.313986829193532467e+06
1.856216748658143512e-01 8.341369975896504708e+06
1.861012718454511938e-01 8.368823873358845711e+06
1.865821079759740486e-01 8.396348704381676391e+06
1.870641864590188441e-01 8.423944652238426730e+06
1.875475105044937252e-01 8.451611900676058605e+06
1.880320833306002859e-01 8.479350633916288614e+06
1.885179081638551635e-01 8.507161036656811833e+06
1.890049882391114378e-01 8.535043294072527438e+06
1.894933267995801973e-01 8.562997591816790402e+06
1.899829270968521056e-01 8.591024116022620350e+06
1.904737923909191055e-01 8.619123053303964436e+06
1.909659259501960138e-01 8.647294590756922960e+06
1.914593310515424474e-01 8.675538915961008519e+06
1.919540109802845285e-01 8.703856216980392113e+06
1.924499690302367838e-01 8.732246682365145534e+06
1.929472085037240436e-01 8.760710501152504236e+06
1.934457327116035352e-01 8.789247862868130207e+06
1.939455449732868098e-01 8.817858957527367398e+06
1.944466486167618913e-01 8.846543975636504591e+06
1.949490469786154534e-01 8.875303108194055036e+06
1.954527434040550515e-01 8.904136546692013741e+06
1.959577412469313273e-01 8.933044483117150143e+06
1.964640438697603797e-01 8.962027109952265397e+06
1.969716546437461635e-01 8.991084620177492499e+06
1.974805769488028884e-01 9.020217207271566615e+06
1.979908141735776672e-01 9.049425065213132650e+06
1.985023697154729150e-01 9.078708388482013717e+06
1.990152469806689972e-01 9.108067372060520574e+06
1.995294493841469619e-01 9.137502211434742436e+06
2.000449803497112433e-01 9.167013102595862001e+06
2.005618433100125608e-01 9.196600242041440681e+06
2.010800417065705392e-01 9.226263826776742935e+06
2.015995789897969404e-01 9.256004054316043854e+06
2.021204586190183117e-01 9.285821122683934867e+06
2.026426840624993286e-01 9.315715230416661128e+06
2.031662587974656653e-01 9.345686576563423499e+06
2.036911863101271980e-01 9.375735360687719658e+06
2.042174700957012368e-01 9.405861782868659124e+06
2.047451136584358955e-01 9.436066043702308089e+06
2.052741205116332401e-01 9.466348344303017482e+06
2.058044941776727976e-01 9.496708886304767802e+06
2.063362381880350094e-01 9.527147871862499043e+06
2.068693560833246847e-01 9.557665503653476015e+06
2.074038514132946209e-01 9.588261984878621995e+06
2.079397277368692787e-01 9.618937519263878465e+06
2.084769886221683466e-01 9.649692311061559245e+06
2.090156376465306942e-01 9.680526565051715821e+06
2.095556783965379644e-01 9.711440486543489620e+06
2.100971144680386649e-01 9.742434281376494095e+06
2.106399494661719551e-01 9.773508155922170728e+06
2.111841870053917658e-01 9.804662317085178569e+06
2.117298307094907794e-01 9.835896972304753959e+06
2.122768842116245780e-01 9.867212329556103796e+06
2.128253511543359289e-01 9.898608597351791337e+06
2.133752351895788768e-01 9.930085984743118286e+06
2.139265399787431410e-01 9.961644701321512461e+06
2.144792691926785955e-01 9.993284957219943404e+06
2.150334265117194998e-01 1.002500696311429888e+07
2.155890156257091739e-01 1.005681093022479862e+07
2.161460402340245057e-01 1.008869707031740248e+07
2.167045040456005434e-01 1.012066559570521116e+07
2.172644107789553358e-01 1.015271671924989484e+07
2.178257641622145246e-01 1.018485065436309204e+07
2.183885679331362406e-01 1.021706761500784755e+07
2.189528258391359450e-01 1.024936781570002437e+07
2.195185416373114928e-01 1.028175147150973789e+07
2.200857190944680575e-01 1.031421879806279019e+07
2.206543619871432216e-01 1.034677001154210605e+07
2.212244741016321514e-01 1.037940532868915983e+07
2.217960592340127712e-01 1.041212496680543385e+07
2.223691211901710207e-01 1.044492914375386201e+07
2.229436637858263626e-01 1.047781807796027139e+07
2.235196908465569843e-01 1.051079198841485009e+07
2.240972062078253335e-01 1.054385109467359819e+07
2.246762137150036809e-01 1.057699561685978249e+07
2.252567172233997106e-01 1.061022577566541545e+07
2.258387205982822499e-01 1.064354179235271923e+07
2.264222277149068319e-01 1.067694388875559531e+07
2.270072424585417858e-01 1.071043228728110716e+07
2.275937687244937724e-01 1.073918477534671314e+07
2.281818104181339846e-01 1.076559014151437394e+07
2.287713714549240718e-01 1.079206373211686872e+07
2.293624557604421188e-01 1.081860572342796437e+07
2.299550672704089027e-01 1.084521629217688553e+07
2.305492099307140386e-01 1.087189561554946192e+07
2.311448876974422917e-01 1.089864387118933909e+07
2.317421045368998900e-01 1.092546123719913699e+07
2.323408644256409195e-01 1.095234789214164950e+07
2.329411713504938586e-01 1.097930401504102908e+07
2.335430293085880293e-01 1.100632978538397513e+07
2.341464423073803536e-01 1.103342538312093727e+07
2.347514143646818874e-01 1.106059098866730928e+07
2.353579495086846607e-01 1.108782678290462680e+07
2.359660517779885169e-01 1.111513294718177989e+07
2.365757252216278972e-01 1.114250966331620887e+07
2.371869738990989018e-01 1.116995711359512620e+07
2.377998018803863245e-01 1.119747548077672906e+07
2.384142132459906027e-01 1.122506494809140638e+07
2.390302120869552960e-01 1.125272569924297370e+07
2.396478025048939531e-01 1.128045791840988025e+07
2.402669886120177012e-01 1.130826179024644941e+07
2.408877745311624186e-01 1.133613749988409318e+07
2.415101643958164068e-01 1.136408523293257132e+07
2.421341623501477580e-01 1.139210517548118904e+07
2.427597725490319991e-01 1.142019751410007104e+07
2.433869991580796810e-01 1.144836243584138155e+07
2.440158463536642175e-01 1.147660012824057974e+07
2.446463183229498350e-01 1.150491077931767888e+07
2.452784192639189953e-01 1.153329457757846452e+07
2.459121533854008168e-01 1.156175171201578341e+07
2.465475249070988306e-01 1.159028237211078778e+07
2.471845380596191799e-01 1.161888674783419818e+07
2.478231970844987919e-01 1.164756502964757197e+07
2.484635062342335221e-01 1.167631740850456432e+07
2.491054697723066313e-01 1.170514407585220039e+07
2.497490919732170411e-01 1.173404522363216244e+07
2.503943771225078385e-01 1.176302104428205639e+07
2.510413295167948089e-01 1.179207173073668778e+07
2.516899534637950797e-01 1.182119747642936744e+07
2.523402532823557642e-01 1.185039847529317066e+07
2.529922333024827164e-01 1.187967492176226526e+07
2.536458978653693408e-01 1.190902701077315956e+07
2.543012513234255700e-01 1.193845493776604533e+07
2.549582980403068411e-01 1.196795889868607745e+07
2.556170423909429612e-01 1.199753908998467028e+07
2.562774887615676400e-01 1.202719570862082392e+07
2.569396415497471886e-01 1.205692895206243172e+07
2.576035051644102181e-01 1.208673901828758419e+07
2.582690840258768383e-01 1.211662610578589700e+07
2.589363825658879681e-01 1.214659041355982795e+07
2.596054052276350887e-01 1.217663214112601057e+07
2.602761564657896098e-01 1.220675148851657100e+07
2.609486407465327895e-01 1.223694865628046729e+07
2.616228625475850444e-01 1.226722384548481740e+07
2.622988263582362589e-01 1.229757725771625526e+07
2.629765366793753723e-01 1.232800909508224949e+07
2.636559980235204104e-01 1.235851956021246128e+07
2.643372149148485728e-01 1.238910885626010038e+07
2.650201918892262642e-01 1.241977718690326437e+07
2.657049334942394037e-01 1.245052475634630211e+07
2.663914442892236778e-01 1.248135176932117529e+07
2.670797288452948504e-01 1.251225843108881079e+07
2.677697917453792376e-01 1.254324494744048081e+07
2.684616375842441283e-01 1.257431152469916269e+07
2.691552709685288147e-01 1.260545836972093396e+07
2.698506965167744576e-01 1.263668568989630975e+07
2.705479188594556161e-01 1.266799369315166026e+07
2.712469426390105576e-01 1.269938258795057982e+07
2.719477725098725651e-01 1.273085258329528011e+07
2.726504131385005247e-01 1.276240388872796483e+07
2.733548692034104555e-01 1.279403671433226392e+07
2.740611453952062071e-01 1.282575127073458210e+07
2.747692464166109905e-01 1.285754776910554431e+07
2.754791769824985748e-01 1.288942642116137408e+07
2.761909418199247623e-01 1.292138743916531838e+07
2.769045456681588080e-01 1.295343103592905588e+07
2.776199932787148383e-01 1.298555742481410690e+07
2.783372894153837707e-01 1.301776681973327138e+07
2.790564388542648433e-01 1.305005943515203707e+07
2.797774463837975345e-01 1.308243548609002121e+07
2.805003168047932038e-01 1.311489518812237307e+07
2.812250549304673441e-01 1.314743875738125294e+07
2.819516655864716115e-01 1.318006641055724770e+07
2.826801536109256330e-01 1.321277836490080319e+07
2.834105238544495919e-01 1.324557483822368644e+07
2.841427811801964243e-01 1.327845604890043475e+07
2.848769304638840150e-01 1.331142221586981229e+07
2.856129765938278942e-01 1.334447355863624625e+07
2.863509244709737667e-01 1.337761029727132618e+07
2.870907790089298750e-01 1.341083265241523087e+07
2.878325451340000840e-01 1.344414084527821653e+07
2.885762277852165214e-01 1.347753509764210135e+07
2.893218319143723849e-01 1.351101563186171465e+07
2.900693624860550268e-01 1.354458267086639814e+07
2.908188244776788722e-01 1.357823643816147931e+07
2.915702228795188367e-01 1.361197715782976523e+07
2.923235626947431887e-01 1.364580505453303829e+07
2.930788489394472451e-01 1.367972035351353884e+07
2.938360866426864004e-01 1.371372328059548140e+07
2.945952808465098216e-01 1.374781406218653545e+07
2.953564366059941992e-01 1.378199292527937517e+07
2.961195589892769431e-01 1.381626009745313413e+07
2.968846530775902104e-01 1.385061580687496811e+07
2.976517239652948232e-01 1.388506028230154514e+07
2.984207767599140193e-01 1.391959375308058597e+07
2.991918165821675357e-01 1.395421644915238768e+07
2.999648485660055819e-01 1.398610168276078254e+07
3.007398778586432564e-01 1.401284847358678654e+07
3.015169096205946309e-01 1.403966437099802308e+07
3.022959490257072224e-01 1.406654955354750529e+07
3.030770012611963549e-01 1.409350420024958439e+07
3.038600715276796871e-01 1.412052849058112875e+07
3.046451650392119626e-01 1.414762260448273458e+07
3.054322870233196485e-01 1.417478672235991620e+07
3.062214427210356860e-01 1.420202102508429997e+07
3.070126373869345171e-01 1.422932569399484619e+07
3.078058762891670019e-01 1.425670091089903936e+07
3.086011647094953902e-01 1.428414685807411000e+07
3.093985079433287932e-01 1.431166371826824732e+07
3.101979112997581001e-01 1.433925167470180430e+07
3.109993801015915049e-01 1.436691091106853634e+07
3.118029196853899787e-01 1.439464161153680831e+07
3.126085354015026296e-01 1.442244396075082570e+07
3.134162326141026189e-01 1.445031814383187518e+07
3.142260167012224659e-01 1.447826434637953341e+07
3.150378930547903522e-01 1.450628275447292998e+07
3.158518670806655382e-01 1.453437355467196554e+07
3.166679441986747223e-01 1.456253693401856162e+07
3.174861298426480127e-01 1.459077308003791422e+07
3.183064294604550093e-01 1.461908218073972501e+07
3.191288485140411080e-01 1.464746442461946979e+07
3.199533924794640827e-01 1.467592000065964088e+07
3.207800668469302785e-01 1.470444909833101742e+07
3.216088771208311936e-01 1.473305190759390965e+07
3.224398288197803941e-01 1.476172861889944971e+07
3.232729274766499294e-01 1.479047942319083028e+07
3.241081786386073027e-01 1.481930451190459915e+07
3.249455878671526077e-01 1.484820407697192580e+07
3.257851607381551662e-01 1.487717831081987172e+07
3.266269028418910536e-01 1.490622740637268871e+07
3.274708197830798473e-01 1.493535155705308169e+07
3.283169171809224296e-01 1.496455095678351261e+07
3.291652006691382915e-01 1.499382579998749867e+07
3.300156758960027803e-01 1.502317628159087710e+07
3.308683485243849032e-01 1.505260259702313505e+07
3.317232242317850743e-01 1.508210494221868925e+07
3.325803087103728628e-01 1.511168351361820847e+07
3.334396076670247955e-01 1.514133850816990063e+07
3.343011268233625488e-01 1.517107012333084457e+07
3.351648719157908629e-01 1.520087855706828833e+07
3.360308486955358442e-01 1.523076400786097720e+07
3.368990629286833793e-01 1.526072667470047809e+07
3.377695203962171600e-01 1.529076675709248893e+07
3.386422268940574853e-01 1.532088445505818725e+07
3.395171882330998425e-01 1.535107996913554706e+07
3.403944102392534865e-01 1.538135350038067624e+07
3.412738987534801316e-01 1.541170525036916323e+07
3.421556596318332533e-01 1.544213542119741812e+07
3.430396987454965574e-01 1.547264421548399888e+07
3.439260219808233932e-01 1.550323183637098782e+07
3.448146352393759995e-01 1.553389848752533644e+07
3.457055444379646403e-01 1.556464437314020656e+07
3.465987555086869065e-01 1.559546969793634675e+07
3.474942743989674065e-01 1.562637466716344655e+07
3.483921070715974566e-01 1.565735948660150915e+07
3.492922595047744383e-01 1.568842436256221496e+07
3.501947376921418775e-01 1.571956950189030170e+07
3.510995476428293571e-01 1.575079511196493544e+07
3.520066953814923183e-01 1.578210140070110001e+07
3.529161869483524172e-01 1.581348857655097358e+07
3.538280283992375486e-01 1.584495684850531630e+07
3.547422258056223687e-01 1.587650642609487101e+07
3.556587852546684303e-01 1.590813751939174347e+07
3.565777128492650383e-01 1.593985033901081979e+07
3.574990147080697733e-01 1.597164509611115232e+07
3.584226969655489592e-01 1.600352200239737332e+07
3.593487657720190742e-01 1.603548127012110874e+07
3.602772272936869968e-01 1.606752311208237149e+07
3.612080877126919165e-01 1.609964774163101055e+07
3.621413532271455793e-01 1.613185537266810425e+07
3.630770300511743098e-01 1.616414621964740381e+07
3.640151244149598120e-01 1.619652049757673219e+07
3.649556425647811908e-01 1.622897842201945558e+07
3.658985907630560863e-01 1.626152020909589343e+07
3.668439752883825844e-01 1.629414607548475079e+07
3.677918024355811277e-01 1.632685623842458986e+07
3.687420785157360936e-01 1.635965091571524926e+07
3.696948098562382046e-01 1.639253032571930625e+07
3.706500028008263281e-01 1.642549468736352585e+07
3.716076637096300539e-01 1.645854422014033049e+07
3.725677989592116046e-01 1.649167914410924539e+07
3.735304149426087461e-01 1.652489967989837378e+07
3.744955180693770314e-01 1.655820604870585725e+07
3.754631147656326551e-01 1.659159847230136395e+07
3.764332114740951973e-01 1.662507717302754521e+07
3.774058146541304226e-01 1.665864237380153686e+07
3.783809307817935230e-01 1.668735274861055240e+07
3.793585663498720284e-01 1.671280634468235075e+07
3.803387278679289940e-01 1.673832570606849715e+07
3.813214218623465768e-01 1.676391100268904679e+07
3.823066548763693340e-01 1.678956240490309149e+07
3.832944334701478550e-01 1.681528008350988105e+07
3.842847642207823378e-01 1.684106420974996686e+07
3.852776537223664977e-01 1.686691495530633628e+07
3.862731085860314773e-01 1.689283249230556935e+07
3.872711354399896999e-01 1.691881699331895635e+07
3.882717409295792788e-01 1.694486863136368990e+07
3.892749317173079815e-01 1.697098757990397885e+07
3.902807144828978059e-01 1.699717401285222173e+07
3.912890959233293331e-01 1.702342810457015038e+07
3.923000827528863588e-01 1.704975002987001836e+07
3.933136817032005794e-01 1.707613996401572973e+07
3.943298995232965010e-01 1.710259808272404224e+07
3.953487429796362918e-01 1.712912456216569990e+07
3.963702188561647466e-01 1.715571957896663994e+07
3.973943339543547504e-01 1.718238331020915136e+07
3.984210950932523532e-01 1.720911593343304470e+07
3.994505091095220117e-01 1.723591762663685903e+07
4.004825828574924973e-01 1.726278856827903166e+07
4.015173232092022482e-01 1.728972893727908656e+07
4.025547370544452774e-01 1.731673891301883012e+07
4.035948313008169697e-01 1.734381867534353584e+07
4.046376128737600442e-01 1.737096840456316993e+07
4.056830887166108512e-01 1.739818828145354241e+07
4.067312657906452800e-01 1.742547848725756630e+07
4.077821510751254985e-01 1.745283920368641987e+07
4.088357515673461395e-01 1.748027061292078719e+07
4.098920742826809294e-01 1.750777289761205390e+07
4.109511262546295951e-01 1.753534624088352174e+07
4.120129145348643274e-01 1.756299082633163780e+07
4.130774461932772423e-01 1.759070683802722394e+07
4.141447283180270111e-01 1.761849446051668376e+07
4.152147680155860443e-01 1.764635387882323191e+07
4.162875724107884534e-01 1.767428527844815329e+07
4.173631486468766805e-01 1.770228884537199512e+07
4.184415038855494040e-01 1.773036476605585217e+07
4.195226453070093342e-01 1.775851322744256258e+07
4.206065801100108970e-01 1.778673441695799306e+07
4.216933155119080845e-01 1.781502852251225337e+07
4.227828587487028056e-01 1.784339573250098899e+07
4.238752170750926251e-01 1.787183623580657318e+07
4.249703977645195030e-01 1.790035022179942578e+07
4.260684081092180331e-01 1.792893788033924997e+07
4.271692554202638492e-01 1.795759940177628398e+07
4.282729470276225858e-01 1.798633497695258632e+07
4.293794902801985058e-01 1.801514479720329866e+07
4.304888925458835169e-01 1.804402905435792357e+07
4.316011612116061880e-01 1.807298794074159861e+07
4.327163036833809318e-01 1.810202164917637780e+07
4.338343273863573546e-01 1.813113037298252434e+07
4.349552397648694946e-01 1.816031430597977340e+07
4.360790482824860037e-01 1.818957364248865098e+07
4.372057604220589977e-01 1.821890857733175531e+07
4.383353836857744046e-01 1.824831930583505332e+07
4.394679255952018138e-01 1.827780602382916957e+07
4.406033936913446025e-01 1.830736892765072361e+07
4.417417955346900071e-01 1.833700821414360404e+07
4.428831387052595825e-01 1.836672408066028729e+07
4.440274308026596617e-01 1.839651672506317496e+07
4.451746794461319268e-01 1.842638634572587162e+07
4.463248922746041458e-01 1.845633314153453708e+07
4.474780769467410213e-01 1.848635731188919395e+07
4.486342411409952602e-01 1.851645905670507625e+07
4.497933925556585333e-01 1.854663857641392201e+07
4.509555389089130450e-01 1.857689607196535170e+07
4.521206879388824929e-01 1.860723174482817948e+07
4.532888474036840254e-01 1.863764579699175805e+07
4.544600250814795905e-01 1.866813843096732721e+07
4.556342287705277272e-01 1.869870984978936613e+07
4.568114662892359679e-01 1.872936025701694191e+07
4.579917454762121864e-01 1.875692224792626500e+07
4.591750741903172228e-01 1.878072753984247521e+07
4.603614603107171743e-01 1.880459433829401061e+07
4.615509117369356873e-01 1.882852280219738185e+07
4.627434363889068591e-01 1.885251309087969363e+07
4.639390422070275855e-01 1.887656536407971382e+07
4.651377371522107951e-01 1.890067978194893152e+07
4.663395292059382413e-01 1.892485650505261868e+07
4.675444263703136261e-01 1.894909569437091798e+07
4.687524366681160015e-01 1.897339751129988581e+07
4.699635681428532274e-01 1.899776211765259877e+07
4.711778288588154284e-01 1.902218967566020414e+07
4.723952269011285066e-01 1.904668034797301143e+07
4.736157703758084869e-01 1.907123429766158760e+07
4.748394674098149193e-01 1.909585168821781874e+07
4.760663261511054456e-01 1.912053268355600536e+07
4.772963547686897012e-01 1.914527744801397994e+07
4.785295614526838270e-01 1.917008614635415375e+07
4.797659544143654253e-01 1.919495894376466423e+07
4.810055418862274057e-01 1.921989600586044416e+07
4.822483321220335517e-01 1.924489749868431687e+07
4.834943333968729218e-01 1.926996358870812878e+07
4.847435540072153604e-01 1.929509444283384457e+07
4.859960022709665650e-01 1.932029022839466110e+07
4.872516865275234865e-01 1.934555111315611750e+07
4.885106151378297845e-01 1.937087726531720534e+07
4.897727964844316717e-01 1.939626885351151228e+07
4.910382389715335916e-01 1.942172604680832103e+07
4.923069510250541181e-01 1.944724901471374184e+07
4.935789410926823551e-01 1.947283792717185616e+07
4.948542176439337803e-01 1.949849295456583053e+07
4.961327891702070336e-01 1.952421426771904528e+07
4.974146641848400385e-01 1.955000203789625317e+07
4.986998512231671787e-01 1.957585643680471554e+07
4.999883588425756420e-01 1.960177763659532368e+07
5.012801956225626521e-01 1.962776580986376852e+07
5.025753701647929228e-01 1.965382112965168804e+07
5.038738910931550574e-01 1.967994376944780350e+07
5.051757670538198353e-01 1.970613390318909287e+07
5.064810067152972772e-01 1.973239170526194200e+07
5.077896187684944884e-01 1.975871735050328821e+07
5.091016119267739448e-01 1.978511101420182362e+07
5.104169949260105588e-01 1.981157287209912762e+07
5.117357765246507428e-01 1.983810310039085150e+07
5.130579655037704745e-01 1.986470187572788075e+07
5.143835706671335828e-01 1.989136937521754205e+07
5.157126008412503682e-01 1.991810577642472833e+07
5.170450648754366663e-01 1.994491125737314299e+07
5.183809716418724678e-01 1.997178599654643983e+07
5.197203300356610933e-01 1.999873017288942635e+07
5.210631489748887013e-01 2.002574396580925956e+07
5.224094374006830188e-01 2.005282755517663807e+07
5.237592042772736267e-01 2.007998112132699788e+07
5.251124585920509125e-01 2.010720484506170452e+07
5.264692093556266883e-01 2.013449890764928237e+07
5.278294656018935882e-01 2.016186349082659930e+07
5.291932363880853529e-01 2.018929877680006623e+07
5.305605307948373373e-01 2.021680494824689999e+07
5.319313579262467950e-01 2.024438218831627816e+07
5.333057269099333864e-01 2.027203068063059449e+07
5.346836468971004619e-01 2.029975060928668082e+07
5.360651270625952369e-01 2.032754215885702148e+07
5.374501766049707419e-01 2.035540551439099014e+07
5.388388047465461073e-01 2.038334086141607165e+07
5.402310207334688474e-01 2.041134838593910635e+07
5.416268338357759227e-01 2.043942827444753051e+07
5.430262533474556896e-01 2.046607633101723716e+07
5.444292885865095188e-01 2.048100234694710374e+07
5.458359488950143001e-01 2.049596692772756144e+07
5.472462436391840601e-01 2.051097017299991846e+07
5.486601822094328007e-01 2.052601218266292661e+07
5.500777740204368937e-01 2.054109305687344447e+07
5.514990285111973645e-01 2.055621289604711160e+07
5.529239551451038404e-01 2.057137180085903034e+07
5.543525634099960575e-01 2.058656987224438787e+07
5.557848628182281425e-01 2.060180721139919385e+07
5.572208629067317842e-01 2.061708391978091374e+07
5.586605732370790722e-01 2.063240009910913184e+07
5.601040033955472230e-01 2.064775585136626288e+07
5.615511629931814186e-01 2.066315127879823372e+07
5.630020616658594212e-01 2.067858648391512036e+07
5.644567090743555227e-01 2.069406156949186698e+07
5.659151149044047147e-01 2.070957663856896386e+07
5.673772888667675263e-01 2.072513179445313290e+07
5.688432406972946387e-01 2.074072714071800187e+07
5.703129801569911672e-01 2.075636278120482340e+07
5.717865170320823864e-01 2.077203882002312690e+07
5.732638611340784562e-01 2.078775536155144870e+07
5.747450222998399250e-01 2.080351251043800265e+07
5.762300103916431215e-01 2.081931037160139158e+07
5.777188352972457697e-01 2.083514905023130029e+07
5.792115069299533792e-01 2.085102865178918839e+07
5.807080352286840830e-01 2.086694928200900555e+07
5.822084301580362498e-01 2.088291104689789191e+07
5.837127017083535430e-01 2.089891405273687840e+07
5.852208598957923114e-01 2.091495840608159453e+07
5.867329147623879804e-01 2.093104421376298741e+07
5.882488763761217765e-01 2.094717158288802207e+07
5.897687548309880068e-01 2.096334062084040791e+07
5.912925602470613384e-01 2.097955143528129533e+07
5.928203027705635231e-01 2.099580413415000215e+07
5.943519925739320087e-01 2.101209882566474378e+07
5.958876398558868859e-01 2.102843561832332984e+07
5.974272548414988337e-01 2.104481462090390548e+07
5.989708477822576205e-01 2.106123594246567413e+07
6.005184289561401600e-01 2.107769969234960899e+07
6.020700086676787910e-01 2.109420598017920181e+07
6.036255972480301102e-01 2.111075491586117446e+07
6.051852050550433626e-01 2.112734660958622023e+07
6.067488424733303853e-01 2.114398117182973027e+07
6.083165199143334423e-01 2.116065871335255727e+07
6.098882478163956122e-01 2.117737934520169720e+07
6.114640366448295117e-01 2.119414317871109024e+07
6.130438968919875720e-01 2.121095032550231740e+07
6.146278390773316502e-01 2.122780089748536795e+07
6.162158737475030845e-01 2.124469500685937330e+07
6.178080114763927488e-01 2.126163276611335948e+07
6.194042628652119964e-01 2.127861428802698478e+07
6.210046385425626037e-01 2.129563968567131832e+07
6.226091491645079357e-01 2.131270907240956277e+07
6.242178054146436672e-01 2.132982256189782545e+07
6.258306180041691702e-01 2.134698026808585599e+07
6.274475976719585679e-01 2.136418230521784350e+07
6.290687551846326775e-01 2.138142878783314675e+07
6.306941013366299531e-01 2.139871983076704666e+07
6.323236469502792056e-01 2.141605554915155098e+07
6.339574028758709900e-01 2.143343605841612443e+07
6.355953799917301028e-01 2.145086147428847104e+07
6.372375892042884127e-01 2.146833191279530898e+07
6.388840414481568031e-01 2.148584749026313797e+07
6.405347476861983358e-01 2.150340832331901416e+07
6.421897189096009706e-01 2.152101452889132872e+07
6.438489661379513951e-01 2.153866622421057150e+07
6.455125004193077443e-01 2.155636352681015059e+07
6.471803328302733194e-01 2.157410655452711880e+07
6.488524744760705287e-01 2.159189542550301179e+07
6.505289364906146066e-01 2.160973025818460435e+07
6.522097300365881090e-01 2.162761117132470012e+07
6.538948663055148547e-01 2.164553828398293629e+07
6.555843565178343102e-01 2.166351171552656591e+07
6.572782119229770847e-01 2.168153158563125506e+07
6.589764437994388713e-01 2.168166309840783849e+07
6.606790634548562746e-01 2.168121565853390843e+07
6.623860822260816406e-01 2.168076706259448454e+07
6.640975114792587730e-01 2.168031730760261044e+07
6.658133626098985403e-01 2.167986639056360722e+07
6.675336470429551472e-01 2.167941430847503617e+07
6.692583762329011865e-01 2.167896105832673609e+07
6.709875616638051321e-01 2.167850663710074872e+07
6.727212148494068344e-01 2.167805104177131876e+07
6.744593473331946809e-01 2.167759426930487156e+07
6.762019706884826453e-01 2.167713631666000560e+07
6.779490965184866713e-01 2.167667718078745157e+07
6.797007364564023879e-01 2.167621685863006115e+07
6.814569021654828251e-01 2.167575534712279215e+07
6.832176053391153525e-01 2.167529264319268242e+07
6.849828577009002828e-01 2.167482874375882745e+07
6.867526710047282545e-01 2.167436364573236555e+07
6.885270570348591690e-01 2.167389734601645172e+07
6.903060276059999056e-01 2.167342984150624648e+07
6.920895945633839252e-01 2.167296112908887118e+07
6.938777697828490965e-01 2.167249120564341918e+07
6.956705651709176319e-01 2.167202006804091856e+07
6.974679926648746919e-01 2.167154771314431354e+07
6.992700642328489868e-01 2.167107413780842721e+07
7.010767918738906035e-01 2.167059933887998760e+07
7.028881876180528288e-01 2.167012331319754571e+07
7.047042635264709753e-01 2.166964605759149790e+07
7.065250316914430950e-01 2.166916756888404861e+07
7.083505042365108029e-01 2.166868784388919920e+07
7.101806933165395463e-01 2.166820687941269949e+07
7.120156111177996516e-01 2.166772467225207016e+07
7.138552698580475919e-01 2.166724121919653937e+07
7.156996817866073668e-01 2.166675651702705398e+07
7.175488591844518815e-01 2.166627056251623109e+07
7.194028143642846596e-01 2.166578335242835432e+07
7.212615596706221099e-01 2.166529488351934031e+07
7.231251074798757950e-01 2.166480515253674239e+07
7.249934702004341425e-01 2.166431415621969104e+07
7.268666602727460457e-01 2.166382189129890501e+07
7.287446901694029089e-01 2.166332835449664295e+07
7.306275723952219137e-01 2.166283354252670705e+07
7.325153194873297302e-01 2.166233745209440216e+07
7.344079440152454508e-01 2.166184007989652082e+07
7.363054585809641894e-01 2.166134142262132093e+07
7.382078758190416812e-01 2.166084147694850713e+07
7.401152083966777706e-01 2.166034023954920471e+07
7.420274690138007889e-01 2.165983770708593726e+07
7.439446704031528190e-01 2.165933387621259689e+07
7.458668253303734064e-01 2.165882874357444048e+07
7.477939465940854902e-01 2.165832230580805987e+07
7.497260470259800025e-01 2.165781455954134837e+07
7.516631394909016883e-01 2.165730550139348209e+07
7.536052368869345930e-01 2.165679512797491997e+07
7.555523521454881042e-01 2.165628343588734791e+07
7.575044982313825503e-01 2.165577042172368243e+07
7.594616881429362421e-01 2.165525608206802607e+07
7.614239349120517364e-01 2.165474041349565610e+07
7.633912516043022123e-01 2.165422341257301345e+07
7.653636513190190671e-01 2.164866456732366234e+07
7.673411471893786251e-01 2.163649841042766348e+07
7.693237523824905111e-01 2.162430081942190975e+07
7.713114800994838038e-01 2.161207171308903024e+07
7.733043435755964090e-01 2.159981101000180840e+07
7.753023560802621006e-01 2.158751862852264196e+07
7.773055309171996718e-01 2.157519448680301383e+07
7.793138814245010870e-01 2.156283850278291106e+07
7.813274209747202992e-01 2.155045059419031069e+07
7.833461629749624011e-01 2.153803067854061723e+07
7.853701208669729983e-01 2.152557867313612252e+07
7.873993081272274708e-01 2.151309449506543204e+07
7.894337382670209013e-01 2.150057806120296195e+07
7.914734248325578925e-01 2.148802928820832446e+07
7.935183814050428275e-01 2.147544809252581373e+07
7.955686216007703537e-01 2.146283439038383961e+07
7.976241590712159768e-01 2.145018809779436514e+07
7.996850075031269878e-01 2.143750913055235520e+07
8.017511806186137235e-01 2.142479740423521027e+07
8.038226921752402721e-01 2.141205283420220017e+07
8.058995559661173980e-01 2.139927533559390530e+07
8.079817858199931369e-01 2.138646482333165780e+07
8.100693956013452768e-01 2.137362121211697161e+07
8.121623992104738399e-01 2.136074441643096507e+07
8.142608105835934529e-01 2.134783435053379834e+07
8.163646436929263839e-01 2.133489092846410722e+07
8.184739125467951348e-01 2.132191406403842568e+07
8.205886311897162555e-01 2.130890367085060850e+07
8.227088137024933800e-01 2.129585966227125749e+07
8.248344742023113740e-01 2.128278195144715905e+07
8.269656268428299262e-01 2.126967045130069181e+07
8.291022858142781393e-01 2.125652507452923432e+07
8.312444653435490105e-01 2.124334573360460997e+07
8.333921796942937998e-01 2.123013234077249840e+07
8.355454431670173987e-01 2.121688480805183202e+07
8.377042700991733648e-01 2.120360304723422974e+07
8.398686748652594014e-01 2.119028696988340467e+07
8.420386718769128365e-01 2.117693648733457550e+07
8.442142755830075451e-01 2.116355151069386303e+07
8.463955004697487627e-01 2.115013195083773136e+07
8.485823610607704515e-01 2.113667771841235831e+07
8.507748719172317786e-01 2.112318872383305058e+07
8.529730476379140391e-01 2.110966487728366256e+07
8.551769028593179112e-01 2.109610608871598542e+07
8.573864522557609336e-01 2.108251226784915105e+07
8.596017105394750946e-01 2.106888332416901737e+07
8.618226924607049755e-01 2.105521916692759469e+07
8.640494128078057834e-01 2.104151970514241979e+07
8.662818864073418279e-01 2.102778484759594873e+07
8.685201281241854421e-01 2.101401450283495337e+07
8.707641528616159032e-01 2.100020857916993648e+07
8.730139755614182429e-01 2.097867903755603731e+07
8.752696112039834997e-01 2.095384365686602890e+07
8.775310748084078627e-01 2.092894410816560313e+07
8.797983814325928131e-01 2.090398022566170618e+07
8.820715461733453777e-01 2.087895184313292429e+07
8.843505841664791589e-01 2.085385879392835498e+07
8.866355105869142550e-01 2.082870091096654534e+07
8.889263406487787345e-01 2.080347802673431486e+07
8.912230896055099993e-01 2.077818997328570113e+07
8.935257727499562597e-01 2.075283658224079758e+07
8.958344054144784518e-01 2.072741768478465453e+07
8.981490029710522682e-01 2.070193311166614667e+07
9.004695808313701866e-01 2.067638269319685549e+07
9.027961544469447208e-01 2.065076625924992561e+07
9.051287393092108946e-01 2.062508363925893977e+07
9.074673509496294921e-01 2.059933466221679002e+07
9.098120049397904197e-01 2.057351915667451918e+07
9.121627168915162898e-01 2.054763695074020326e+07
9.145195024569667819e-01 2.052168787207778916e+07
9.168823773287423373e-01 2.049567174790595844e+07
9.192513572399891864e-01 2.046958840499696136e+07
9.216264579645033761e-01 2.044343766967548430e+07
9.240076953168367968e-01 2.041721936781747267e+07
9.263950851524013208e-01 2.039093332484899834e+07
9.287886433675756059e-01 2.036457936574506760e+07
9.311883858998100116e-01 2.033815731502846256e+07
9.335943287277328473e-01 2.031166699676860124e+07
9.360064878712572867e-01 2.028510823458031565e+07
9.384248793916875053e-01 2.025848085162273049e+07
9.408495193918257060e-01 2.023178467059804872e+07
9.432804240160796994e-01 2.020501951375038549e+07
9.457176094505699293e-01 2.017818520286458358e+07
9.481610919232377199e-01 2.015128155926501006e+07
9.506108877039528560e-01 2.012430840381441265e+07
9.530670131046220517e-01 2.009726555691266805e+07
9.555294844792979747e-01 2.007015283849562705e+07
9.579983182242876039e-01 2.004297006803389639e+07
9.604735307782614750e-01 2.001571706453165412e+07
9.629551386223635934e-01 1.998839364652541652e+07
9.654431582803205680e-01 1.996099963208286092e+07
9.679376063185520795e-01 1.993353483880159259e+07
9.704384993462807918e-01 1.990599908380794525e+07
9.729458540156437074e-01 1.987839218375574052e+07
9.754596870218020799e-01 1.985071395482509583e+07
9.779800151030529909e-01 1.982296421272118390e+07
9.805068550409409278e-01 1.979514277267301083e+07
9.830402236603695831e-01 1.976724944943217561e+07
9.855801378297134319e-01 1.971128157889990881e+07
9.881266144609305302e-01 1.965116358448293433e+07
9.906796705096749811e-01 1.959089026117688417e+07
9.932393229754094000e-01 1.953046120765328407e+07
9.958055889015190454e-01 1.946987602154671028e+07
9.983784853754242850e-01 1.940913429945214465e+07
1.000958029528695059e+00 1.934823563692228124e+07
1.003544238537164679e+00 1.928717962846482173e+07
1.006137129621044179e+00 1.922596586753979698e+07
1.008736720045037227e+00 1.916459394655682519e+07
1.011343027118454696e+00 1.910306345687243715e+07
1.013956068195330129e+00 1.904137398878733814e+07
1.016575860674534759e+00 1.897952513154368103e+07
1.019202421999895414e+00 1.891751647332229838e+07
1.021835769660307758e+00 1.885534760124002770e+07
1.024475921189854200e+00 1.879301810134692118e+07
1.027122894167920908e+00 1.873052755862348899e+07
1.029776706219314608e+00 1.866787555697792768e+07
1.032437375014379599e+00 1.860506167924338579e+07
1.035104918269115437e+00 1.854208550717515871e+07
1.037779353745295507e+00 1.847894662144789845e+07
1.040460699250584709e+00 1.841564460165284202e+07
1.043148972638657801e+00 1.835217902629499882e+07
1.045844191809319756e+00 1.828854947279034927e+07
1.048546374708623219e+00 1.822475551746301353e+07
1.051255539328988409e+00 1.816079673554246500e+07
1.053971703709323693e+00 1.809667270116067678e+07
1.056694885935144379e+00 1.803238298734930530e+07
1.059425104138694840e+00 1.796792716603681073e+07
1.062162376499067973e+00 1.790330480804564431e+07
1.064906721242326437e+00 1.783851548308937624e+07
1.067658156641624334e+00 1.777355875976982713e+07
1.070416701017328887e+00 1.770843420557420328e+07
1.073182372737141899e+00 1.764314138687221706e+07
1.075955190216222990e+00 1.757767986891318113e+07
1.078735171917310831e+00 1.751204921582314372e+07
1.081522336350847935e+00 1.744624899060195684e+07
1.084316702075101668e+00 1.738027875512040034e+07
1.087118287696290153e+00 1.731413807011722028e+07
1.089927111868704390e+00 1.724782649519624561e+07
1.092743193294833048e+00 1.718134358882343397e+07
1.095566550725487476e+00 1.711468890832393989e+07
1.098397202959925600e+00 1.704786200987916067e+07
1.101235168845978052e+00 1.698086244852377847e+07
1.104080467280173172e+00 1.691368977814281732e+07
1.106933117207862916e+00 1.684634355146864057e+07
1.109793137623348525e+00 1.677882332007801533e+07
1.112660547570007985e+00 1.671112863438908011e+07
1.115535366140422147e+00 1.664325904365839064e+07
1.118417612476502176e+00 1.657521409597788379e+07
1.121307305769616347e+00 1.650060895374989510e+07
1.124204465260718599e+00 1.638797360348697752e+07
1.127109110240476664e+00 1.627504723347204179e+07
1.130021260049399956e+00 1.616182909178755432e+07
1.132940934077968365e+00 1.604831842457322218e+07
1.135868151766762146e+00 1.593451447602096014e+07
1.138802932606590268e+00 1.582041648836989328e+07
1.141745296138621191e+00 1.570602370190128870e+07
1.144695261954511878e+00 1.559133535493352264e+07
1.147652849696540578e+00 1.547635068381692469e+07
1.150618079057734278e+00 1.536106892292882130e+07
1.153590969782001929e+00 1.524548930466835760e+07
1.156571541664265679e+00 1.512961105945139565e+07
1.159559814550592538e+00 1.501343341570540145e+07
1.162555808338326280e+00 1.489695559986429103e+07
1.165559542976219998e+00 1.478017683636331931e+07
1.168571038464569556e+00 1.466309634763385542e+07
1.171590314855345705e+00 1.454571335409826040e+07
1.174617392252328418e+00 1.442802707416466996e+07
1.177652290811240565e+00 1.431003672422178462e+07
1.180695030739881579e+00 1.419174151863368414e+07
1.183745632298263351e+00 1.407314066973453946e+07
1.186804115798743009e+00 1.395423338782344759e+07
1.189870501606160813e+00 1.383501888115907833e+07
1.192944810137973155e+00 1.371549635595449246e+07
1.196027061864390229e+00 1.359566501637180522e+07
1.199117277308511920e+00 1.347552406451688707e+07
1.202215477046464143e+00 1.335507270043407381e+07
1.205321681707535841e+00 1.323431012210083194e+07
1.208435911974316879e+00 1.311323552542240918e+07
1.211558188582835260e+00 1.299184810422648489e+07
1.214688532322695691e+00 1.287014705025780015e+07
1.217826964037217019e+00 1.274813155317280069e+07
1.220973504623572348e+00 1.262580080053419061e+07
1.224128175032927146e+00 1.250315397780557349e+07
1.227290996270579138e+00 1.238019026834600233e+07
1.230461989396098188e+00 1.225690885340454802e+07
1.233641175523466638e+00 1.213330891211483628e+07
1.236828575821219411e+00 1.200938962148961239e+07
1.240024211512585683e+00 1.188617190123919025e+07
1.243228103875629431e+00 1.177006128478521481e+07
1.246440274243391766e+00 1.165365066941680387e+07
1.249660744004032376e+00 1.153693928001665324e+07
1.252889534600972743e+00 1.141992633946474642e+07
1.256126667533037811e+00 1.130261106863321736e+07
1.259372164354599644e+00 1.118499268638114817e+07
1.262626046675722868e+00 1.106707040954929404e+07
1.265888336162304784e+00 1.094884345295500383e+07
1.269159054536222131e+00 1.083031102938690968e+07
1.272438223575475424e+00 1.071147234959968366e+07
1.275725865114333279e+00 1.059232662230882235e+07
1.279022001043478962e+00 1.047287305418532342e+07
1.282326653310154940e+00 1.035311084985045344e+07
1.285639843918309655e+00 1.023303921187042445e+07
1.288961594928743626e+00 1.011265734075110592e+07
1.292291928459257111e+00 9.991964434932662174e+06
1.295630866684796656e+00 9.870959690784258768e+06
1.298978431837602532e+00 9.749642302598694339e+06
1.302334646207357727e+00 9.628011462587030604e+06
1.305699532141336050e+00 9.506066360873198137e+06
1.309073112044549791e+00 9.383806185488667339e+06
1.312455408379900712e+00 9.261230122366957366e+06
1.315846443668328369e+00 9.138337355338271707e+06
1.319246240488960442e+00 8.560320466299818829e+06
1.322654821479263054e+00 7.792111081094518304e+06
1.326072209335191543e+00 7.021916847400275059e+06
1.329498426811341449e+00 6.249732636897151358e+06
1.332933496721100397e+00 5.475553308014937676e+06
1.336377441936799748e+00 4.699373705898969434e+06
1.339830285389866260e+00 3.921188662375951186e+06
1.343292050070976185e+00 3.140992995919223409e+06
1.346762759030206924e+00 2.358781511614587158e+06
1.350242435377191574e+00 1.574549001125468640e+06
1.353731102281272136e+00 7.882902426583922934e+05
1.357228782971653835e+00 9.282027026847250104e-04
