1.030669758950456538e-01 2.340831351881772280e+06
1.033895334843185493e-01 2.347971093772111461e+06
1.037131005472612805e-01 2.355133180141971912e+06
1.040376802431146608e-01 2.362317680920458864e+06
1.043632757410065948e-01 2.369524666255528107e+06
1.046898902199830395e-01 2.376754206514668185e+06
1.050175268690391739e-01 2.384006372285592370e+06
1.053461888871503188e-01 2.391281234376920387e+06
1.056758794833033144e-01 2.398578863818877842e+06
1.060066018765278700e-01 2.405899331863984000e+06
1.063383592959278867e-01 2.413242709987749811e+06
1.066711549807130704e-01 2.420609069889375940e+06
1.070049921802304904e-01 2.427998483492451254e+06
1.073398741539964285e-01 2.435411022945656441e+06
1.076758041717280623e-01 2.442846760623469949e+06
1.080127855133754394e-01 2.450305769126869738e+06
1.083508214691535909e-01 2.457788121284048073e+06
1.086899153395744777e-01 2.465293890151117463e+06
1.090300704354793537e-01 2.472823149012826849e+06
1.093712900780711289e-01 2.480375971383277792e+06
1.097135775989466211e-01 2.492375520289067645e+06
1.100569363401291967e-01 2.506649130021745805e+06
1.104013696541014805e-01 2.520967410330093466e+06
1.107468809038379270e-01 2.535330501014788169e+06
1.110934734628377246e-01 2.549738542314027902e+06
1.114411507151577413e-01 2.564191674904897343e+06
1.117899160554456234e-01 2.578690039904747624e+06
1.121397728889728107e-01 2.593233778872564435e+06
1.124907246316678433e-01 2.607823033810357098e+06
1.128427747101498346e-01 2.622457947164547164e+06
1.131959265617616950e-01 2.637138661827349570e+06
1.135501836346038407e-01 2.651865321138175670e+06
1.139055493875679032e-01 2.666638068885032088e+06
1.142620272903703688e-01 2.681457049305922352e+06
1.146196208235865099e-01 2.696322407090253662e+06
1.149783334786844829e-01 2.711234287380258553e+06
1.153381687580591758e-01 2.726192835772398394e+06
1.156991301750666112e-01 2.741198198318794370e+06
1.160612212540582389e-01 2.756250521528654732e+06
1.164244455304151854e-01 2.771349952369696461e+06
1.167888065505829076e-01 2.786496638269587886e+06
1.171543078721058728e-01 2.801690727117388509e+06
1.175209530636621008e-01 2.816932367264985107e+06
1.178887457050981913e-01 2.832221707528550178e+06
1.182576893874641155e-01 2.847558897189984098e+06
1.186277877130485076e-01 2.862944085998386610e+06
1.189990442954135808e-01 2.878377424171505496e+06
1.193714627594305161e-01 2.893859062397208065e+06
1.197450467413149755e-01 2.909389151834958233e+06
1.201197998886623930e-01 2.924967844117283355e+06
1.204957258604836823e-01 2.940595291351259220e+06
1.208728283272410692e-01 2.956271646119996440e+06
1.212511109708837159e-01 2.972376252417447045e+06
1.216305774848838450e-01 2.989017159482480958e+06
1.220112315742726966e-01 3.005710145798113197e+06
1.223930769556768328e-01 3.022455374351156410e+06
1.227761173573542475e-01 3.039253008638499305e+06
1.231603565192308791e-01 3.056103212668711320e+06
1.235457981929371785e-01 3.073006150963644497e+06
1.239324461418445933e-01 3.089961988560033962e+06
1.243203041411023724e-01 3.106970891011111438e+06
1.247093759776745636e-01 3.124033024388228543e+06
1.250996654503767347e-01 3.141148555282466114e+06
1.254911763699132488e-01 3.158317650806270074e+06
1.258839125589144570e-01 3.175540478595080785e+06
1.262778778519738909e-01 3.192817206808966585e+06
1.266730760956858715e-01 3.210148004134269897e+06
1.270695111486830065e-01 3.227533039785255212e+06
1.274671868816737719e-01 3.244972483505751938e+06
1.278661071774803981e-01 3.262466505570823327e+06
1.282662759310768674e-01 3.280015276788425632e+06
1.286676970496267447e-01 3.297618968501070049e+06
1.290703744525213414e-01 3.315277752587499563e+06
1.294743120714183238e-01 3.332991801464374643e+06
1.298795138502795710e-01 3.350761288087940309e+06
1.302859837454100889e-01 3.368586385955729056e+06
1.306937257254965346e-01 3.386467269108251669e+06
1.311027437716458244e-01 3.404404112130689435e+06
1.315130418774242138e-01 3.422397090154609177e+06
1.319246240488960997e-01 3.440446378859662451e+06
1.323374943046633501e-01 3.458552154475313146e+06
1.327516566759043282e-01 3.476714593782547861e+06
1.331671152064133057e-01 3.494933874115602579e+06
1.335838739526400976e-01 3.513210173363703303e+06
1.340019369837294472e-01 3.531543669972792268e+06
1.344213083815609666e-01 3.549934542947279289e+06
1.348419922407886884e-01 3.568382971851774957e+06
1.352639926688815331e-01 3.586889136812868994e+06
1.356873137861628886e-01 3.605453218520861119e+06
1.361119597258511338e-01 3.624075398231542204e+06
1.365379346340999944e-01 3.642755857767961454e+06
1.369652426700389003e-01 3.665462019556452055e+06
1.373938880058136469e-01 3.689441292122022249e+06
1.378238748266272795e-01 3.713495610028589144e+06
1.382552073307806717e-01 3.737625208137454465e+06
1.386878897297136592e-01 3.761830322044936940e+06
1.391219262480463126e-01 3.786111188084685709e+06
1.395573211236199318e-01 3.810468043329970911e+06
1.399940786075384858e-01 3.834901125596003607e+06
1.404322029642103009e-01 3.859410673442265950e+06
1.408716984713894727e-01 3.883996926174830180e+06
1.413125694202177207e-01 3.908660123848698102e+06
1.417548201152663556e-01 3.933400507270149887e+06
1.421984548745781340e-01 3.958218317999084014e+06
1.426434780297095861e-01 3.983113798351387959e+06
1.430898939257733149e-01 4.008087191401302349e+06
1.435377069214802126e-01 4.033138740983783267e+06
1.439869213891822042e-01 4.058268691696892492e+06
1.444375417149150187e-01 4.083477288904191460e+06
1.448895722984407108e-01 4.108764778737120330e+06
1.453430175532908486e-01 4.134131408097412437e+06
1.457978819068096454e-01 4.159577424659507349e+06
1.462541698001970092e-01 4.185103076872961130e+06
1.467118856885519518e-01 4.210708613964873366e+06
1.471710340409162487e-01 4.236394285942327231e+06
1.476316193403177934e-01 4.262160343594819307e+06
1.480936460838147561e-01 4.288007038496729918e+06
1.485571187825390493e-01 4.313934623009745963e+06
1.490220419617406533e-01 4.339943350285353139e+06
1.494884201608318031e-01 4.366033474267300218e+06
1.499562579334311752e-01 4.392205249694071710e+06
1.504255598474083799e-01 4.418458932101377286e+06
1.508963304849287312e-01 4.444794777824657969e+06
1.513685744424977386e-01 4.471213044001573697e+06
1.518422963310060714e-01 4.497713988574517891e+06
1.523175007757747168e-01 4.524297870293146931e+06
1.527941924165999721e-01 4.550964948716891930e+06
1.532723759077987413e-01 4.577715484217497520e+06
1.537520559182542212e-01 4.604549737981574610e+06
1.542332371314610873e-01 4.631467972013128921e+06
1.547159242455715955e-01 4.658470449136142619e+06
1.552001219734412685e-01 4.685557432997127064e+06
1.556858350426749138e-01 4.712729188067695126e+06
1.561730681956727818e-01 4.739985979647151195e+06
1.566618261896770281e-01 4.738407281399106607e+06
1.571521137968179271e-01 4.655612169130964205e+06
1.576439358041605843e-01 4.572557941936974414e+06
1.581372970137517320e-01 4.489243788893112913e+06
1.586322022426664702e-01 4.405668896537511609e+06
1.591286563230553674e-01 4.321832448862496763e+06
1.596266641021918120e-01 4.237733627306601033e+06
1.601262304425189742e-01 4.153371610746623017e+06
1.606273602216975738e-01 4.068745575489571318e+06
1.611300583326535085e-01 3.983854695264613256e+06
1.616343296836253995e-01 3.898698141215048730e+06
1.621401791982126916e-01 3.813275081890190952e+06
1.626476118154237538e-01 3.727584683237235527e+06
1.631566324897238962e-01 3.641626108593161684e+06
1.636672461910840537e-01 3.555398518676501699e+06
1.641794579050290526e-01 3.553148488144822884e+06
1.646932726326863494e-01 3.577349277373482008e+06
1.652086953908349642e-01 3.601625805199925788e+06
1.657257312119543580e-01 3.625978308655067813e+06
1.662443851442735321e-01 3.650407025511629879e+06
1.667646622518205446e-01 3.674912194286472164e+06
1.672865676144716374e-01 3.699494054242908023e+06
1.678101063280010297e-01 3.724152845393049996e+06
1.683352835041307394e-01 3.748888808500153944e+06
1.688621042705802378e-01 3.773702185080960393e+06
1.693905737711167425e-01 3.798593217408062425e+06
1.699206971656054277e-01 3.823562148512268905e+06
1.704524796300596057e-01 3.848609222184972838e+06
1.709859263566914367e-01 3.873734682980533689e+06
1.715210425539627215e-01 3.898938776218674146e+06
1.720578334466354442e-01 3.924221747986857314e+06
1.725963042758230093e-01 3.949583845142704900e+06
1.731364602990414503e-01 3.975025315316403285e+06
1.736783067902606392e-01 4.000546406913120765e+06
1.742218490399556896e-01 4.026147369115423877e+06
1.747670923551589983e-01 4.051828451885733288e+06
1.753140420595116211e-01 4.077589905968738254e+06
1.758627034933154254e-01 4.103431982893859036e+06
1.764130820135854094e-01 4.129354934977706522e+06
1.769651829941017163e-01 4.155359015326534398e+06
1.775190118254621474e-01 4.181444477838710416e+06
1.780745739151351481e-01 4.207611577207215130e+06
1.786318746875120989e-01 4.233860568922102451e+06
1.791909195839605506e-01 4.260191709273008630e+06
1.797517140628773769e-01 4.286605255351652391e+06
1.803142635997419252e-01 4.313101465054343455e+06
1.808785736871696970e-01 4.339680597084507346e+06
1.814446498349657211e-01 4.366342910955199040e+06
1.820124975701784553e-01 4.393088666991644539e+06
1.825821224371538820e-01 4.419918126333787106e+06
1.831535299975894371e-01 4.446831550938826054e+06
1.837267258305883277e-01 4.473829203583776951e+06
1.843017155327142942e-01 4.500911347868051380e+06
1.848785047180458718e-01 4.528078248216011561e+06
1.854570990182313195e-01 4.555330169879553840e+06
1.860375040825438808e-01 4.582667378940721974e+06
1.866197255779365183e-01 4.610090142314273864e+06
1.872037691890975075e-01 4.634315512381573208e+06
1.877896406185059208e-01 4.658115499962431379e+06
1.883773455864872493e-01 4.681989971795421094e+06
1.889668898312691359e-01 4.705939160985860974e+06
1.895582791090378028e-01 4.729963301368605345e+06
1.901515191939937566e-01 4.754062627510309219e+06
1.907466158784084376e-01 4.778237374711723067e+06
1.913435749726808410e-01 4.802487779010000639e+06
1.919424023053940276e-01 4.826814077180989087e+06
1.925431037233721332e-01 4.851216506741547957e+06
1.931456850917376566e-01 4.875695305951875634e+06
1.937501522939683030e-01 4.900250713817817159e+06
1.943565112319547428e-01 4.924882970093212090e+06
1.949647678260582606e-01 4.949592315282235853e+06
1.955749280151683200e-01 4.974378990641737357e+06
1.961869977567606838e-01 4.999243238183602691e+06
1.968009830269558114e-01 5.024185300677126274e+06
1.974168898205765632e-01 5.049205421651349403e+06
1.980347241512075140e-01 5.074303845397482626e+06
1.986544920512532952e-01 5.099480816971261054e+06
1.992761995719971868e-01 5.124736582195334136e+06
1.998998527836608474e-01 5.150071387661689892e+06
2.005254577754631284e-01 5.175485480734041892e+06
2.011530206556795541e-01 5.200979109550248832e+06
2.017825475517022737e-01 5.226552523024747148e+06
2.024140446100995139e-01 5.252205970850969665e+06
2.030475179966757249e-01 5.277939703503784724e+06
2.036829738965320047e-01 5.303753972241951153e+06
2.043204185141261342e-01 5.329649029110562056e+06
2.049598580733332509e-01 5.355625126943504438e+06
2.056012988175069389e-01 5.381682519365943968e+06
2.062447470095397084e-01 5.407821460796778090e+06
2.068902089319243631e-01 5.434042206451133825e+06
2.075376908868155623e-01 5.460345012342865579e+06
2.081871991960909107e-01 5.486730135287036188e+06
2.088387402014129368e-01 5.513197832902436145e+06
2.094923202642912097e-01 5.539748363614108413e+06
2.101479457661439565e-01 5.566381986655849963e+06
2.108056231083607346e-01 5.593098962072755210e+06
2.114653587123649092e-01 5.619899550723755732e+06
2.121271590196762147e-01 5.646784014284169301e+06
2.127910304919736761e-01 5.673752615248240530e+06
2.134569796111588369e-01 5.700840174373314716e+06
2.141250128794189300e-01 5.728013423368220218e+06
2.147951368192902166e-01 5.755271713547386229e+06
2.154673579737221012e-01 5.782615311055029742e+06
2.161416829061405809e-01 5.810044482868292369e+06
2.168181182005124719e-01 5.837559496799833141e+06
2.174966704614099411e-01 5.865160621500472538e+06
2.181773463140743996e-01 5.892848126461782493e+06
2.188601524044818947e-01 5.920622282018743455e+06
2.195450953994076693e-01 5.948483359352377243e+06
2.202321819864908603e-01 5.976431630492374301e+06
2.209214188743006957e-01 6.004467368319788948e+06
2.216128127924011648e-01 6.032590846569665708e+06
2.223063704914170768e-01 6.060802339833734557e+06
2.230020987431001189e-01 6.089102123563087545e+06
2.237000043403946370e-01 6.117490474070862867e+06
2.244000940975040825e-01 6.145967668534944765e+06
2.251023748499577926e-01 6.174533985000674613e+06
2.258068534546773531e-01 6.203189702383563854e+06
2.265135367900436847e-01 6.231935100472006015e+06
2.272224317559644324e-01 6.260770459930030629e+06
2.279335452739409684e-01 6.289696062300026417e+06
2.286468842871361151e-01 6.318712190005489625e+06
2.293624557604421743e-01 6.347819126353793778e+06
2.300802666805485119e-01 6.377017155538947321e+06
2.308003240560099756e-01 6.406306562644366175e+06
2.315226349173155063e-01 6.435687633645665832e+06
2.322472063169565004e-01 6.465160655413447879e+06
2.329740453294956992e-01 6.494725915716095828e+06
2.337031590516365498e-01 6.524383703222604468e+06
2.344345546022920668e-01 6.554134307505369186e+06
2.351682391226545821e-01 6.583978019043035805e+06
2.359042197762656889e-01 6.613915129223334603e+06
2.366425037490856864e-01 6.643945930345915258e+06
2.373830982495639674e-01 6.674070715625200421e+06
2.381260105087097401e-01 6.704289779193267226e+06
2.388712477801620271e-01 6.734603416102699004e+06
2.396188173402608035e-01 6.765011922329467721e+06
2.403687264881183006e-01 6.795515594775847159e+06
2.411209825456895328e-01 6.826114731273268349e+06
2.418755928578446290e-01 6.856809630585273728e+06
2.426325647924401918e-01 6.887600592410414480e+06
2.433919057403907404e-01 6.918487917385157198e+06
2.441536231157419023e-01 6.949471907086855732e+06
2.449177243557419392e-01 6.980552864036671817e+06
2.456842169209146332e-01 7.011731091702531092e+06
2.464531082951323671e-01 7.043006894502099603e+06
2.472244059856888443e-01 7.074380577805738896e+06
2.479981175233725021e-01 7.105852447939493693e+06
2.487742504625402862e-01 7.137422812188093551e+06
2.495528123811909527e-01 7.169091978797935881e+06
2.503338108810393425e-01 7.198275465427721851e+06
2.511172535875907386e-01 7.223869287191296928e+06
2.519031481502150283e-01 7.249543207176217809e+06
2.526915022422213664e-01 7.275297476057233289e+06
2.534823235609335867e-01 7.301132345293622464e+06
2.542756198277646429e-01 7.327048067131606862e+06
2.550713987882924916e-01 7.353044894606849179e+06
2.558696682123356991e-01 7.379123081546909176e+06
2.566704358940291586e-01 7.405282882573725656e+06
2.574737096518999735e-01 7.431524553106088191e+06
2.582794973289443963e-01 7.457848349362154491e+06
2.590878067927039341e-01 7.484254528361941688e+06
2.598986459353421208e-01 7.510743347929822281e+06
2.607120226737220103e-01 7.537315066697069444e+06
2.615279449494830599e-01 7.563969944104354829e+06
2.623464207291187900e-01 7.590708240404297598e+06
2.631674580040547218e-01 7.617530216664006002e+06
2.639910647907262042e-01 7.644436134767614305e+06
2.648172491306566290e-01 7.671426257418848574e+06
2.656460190905364782e-01 7.698500848143599927e+06
2.664773827623010405e-01 7.725660171292468905e+06
2.673113482632106797e-01 7.752904492043387145e+06
2.681479237359292722e-01 7.780234076404172927e+06
2.689871173486036438e-01 7.807649191215137951e+06
2.698289372949440046e-01 7.835150104151705280e+06
2.706733917943032752e-01 7.862737083727004938e+06
2.715204890917575775e-01 7.890410399294504896e+06
2.723702374581870034e-01 7.918170321050643921e+06
2.732226451903558839e-01 7.946017120037460700e+06
2.740777206109940023e-01 7.973951068145242520e+06
2.749354720688781950e-01 8.001972438115191646e+06
2.757959079389133428e-01 8.030081503542074934e+06
2.766590366222142494e-01 8.058278538876890205e+06
2.775248665461881314e-01 8.086563819429571740e+06
2.783934061646162195e-01 8.114937621371647343e+06
2.792646639577366918e-01 8.143400221738952212e+06
2.801386484323276638e-01 8.171951898434339091e+06
2.810153681217897326e-01 8.200592930230373517e+06
2.818948315862295773e-01 8.229323596772066317e+06
2.827770474125436695e-01 8.258144178579610772e+06
2.836620242145018178e-01 8.287054957051106729e+06
2.845497706328314336e-01 8.316056214465316385e+06
2.854402953353020744e-01 8.347795526217483915e+06
2.863336070168095437e-01 8.382087978277123533e+06
2.872297143994613777e-01 8.416487751722401008e+06
2.881286262326617220e-01 8.450995182425474748e+06
2.890303512931967078e-01 8.485610607309643179e+06
2.899348983853202166e-01 8.520334364352632314e+06
2.908422763408399780e-01 8.555166792589915916e+06
2.917524940192035010e-01 8.590108232117991894e+06
2.926655603075848933e-01 8.625159024097733200e+06
2.935814841209715698e-01 8.660319510757710785e+06
2.945002744022508501e-01 8.695590035397510976e+06
2.954219401222979435e-01 8.730970942391129211e+06
2.963464902800634904e-01 8.766462577190311626e+06
2.972739339026604366e-01 8.802065286327904090e+06
2.982042800454535736e-01 8.837779417421283200e+06
2.991375377921470236e-01 8.873605319175712764e+06
3.000737162548731685e-01 8.909543341387767345e+06
3.010128245742818565e-01 8.945593834948744625e+06
3.019548719196292197e-01 8.981757151848081499e+06
3.028998674888673248e-01 9.018033645176796243e+06
3.038478205087345452e-01 9.054423669130956754e+06
3.047987402348447117e-01 9.090927579015096650e+06
3.057526359517780956e-01 9.127545731245718896e+06
3.067095169731720583e-01 9.164278483354767784e+06
3.076693926418116454e-01 9.201126193993108347e+06
3.086322723297211246e-01 9.238089222934043035e+06
3.095981654382553572e-01 9.275167931076817214e+06
3.105670813981916134e-01 9.312362680450139567e+06
3.115390296698214989e-01 9.349673834215726703e+06
3.125140197430438249e-01 9.387101756671836600e+06
3.134920611374565902e-01 9.424646813256839290e+06
3.144731634024502953e-01 9.462309370552772656e+06
3.154573361173013679e-01 9.500089796288929880e+06
3.164445888912651994e-01 9.537988459345445037e+06
3.174349313636702918e-01 9.576005729756895453e+06
3.184283732040123494e-01 9.614141978715915233e+06
3.194249241120487581e-01 9.652397578576827422e+06
3.204245938178930109e-01 9.690772902859264985e+06
3.214273920821099639e-01 9.729268326251823455e+06
3.224333286958110945e-01 9.767884224615728483e+06
3.234424134807499795e-01 9.806620974988490343e+06
3.244546562894183306e-01 9.845478955587599427e+06
3.254700670051421385e-01 9.884458545814206824e+06
3.264886555421782077e-01 9.923560126256838441e+06
3.275104318458108010e-01 9.962784078695105389e+06
3.285354058924490062e-01 1.000213078610343114e+07
3.295635876897239358e-01 1.004160063265479915e+07
3.305949872765864272e-01 1.008119400372448936e+07
3.316296147234053526e-01 1.012091128589385748e+07
3.326674801320655406e-01 1.016075286695409380e+07
3.337085936360665306e-01 1.020071913591002114e+07
3.347529654006219380e-01 1.024081048298389092e+07
3.358006056227579861e-01 9.854480439287725836e+06
3.368515245314135931e-01 9.448241753282748163e+06
3.379057323875399588e-01 9.040731705912152305e+06
3.389632394842010954e-01 8.631946318333460018e+06
3.400240561466739697e-01 8.221881599252087064e+06
3.410881927325493668e-01 7.810533544882356189e+06
3.421556596318333643e-01 7.397898138908279128e+06
3.432264672670481964e-01 6.983971352444563992e+06
3.443006260933345053e-01 6.568749143997082487e+06
3.453781465985534260e-01 6.152227459423413500e+06
3.464590393033885052e-01 5.734402231893450953e+06
3.475433147614488405e-01 5.315269381849526428e+06
3.486309835593722761e-01 4.894824816966520622e+06
3.497220563169280982e-01 4.473064432112168521e+06
3.508165436871214515e-01 4.049984109306694474e+06
3.519144563562967565e-01 3.625579717682833783e+06
3.530158050442427364e-01 3.199847113445241004e+06
3.541206005042963345e-01 2.772782139830310829e+06
3.552288535234480737e-01 2.344380627065455541e+06
3.563405749224476948e-01 2.187961895466547925e+06
3.574557755559090721e-01 2.197006217149109114e+06
3.585744663124166287e-01 2.206078843868983444e+06
3.596966581146319730e-01 2.215179864209392574e+06
3.608223619193998699e-01 2.224309367030784488e+06
3.619515887178554880e-01 2.233467441471705679e+06
3.630843495355320916e-01 2.242654176949670073e+06
3.642206554324680656e-01 2.251869663162032142e+06
3.653605175033152186e-01 2.261113990086860023e+06
3.665039468774473619e-01 2.270387247983820271e+06
3.676509547190684457e-01 2.279689527395052835e+06
3.688015522273218605e-01 2.289020919146058150e+06
3.699557506363999049e-01 2.298381514346584212e+06
3.711135612156531427e-01 2.307771404391514603e+06
3.722749952697006481e-01 2.317190680961761624e+06
3.734400641385402508e-01 2.326639436025159433e+06
3.746087791976597248e-01 2.336117761837370228e+06
3.757811518581470889e-01 2.345625750942771789e+06
3.769571935668024065e-01 2.355163496175371110e+06
3.781369158062498625e-01 2.364731090659708250e+06
3.793203300950493961e-01 2.374328627811764367e+06
3.805074479878091664e-01 2.383956201339874417e+06
3.816982810752989064e-01 2.393613905245642178e+06
3.828928409845624992e-01 2.403301833824859001e+06
3.840911393790316097e-01 2.413020081668421626e+06
3.852931879586400377e-01 2.422768743663259782e+06
3.864989984599374040e-01 2.432547914993260056e+06
3.877085826562038928e-01 2.442357691140195820e+06
3.889219523575652149e-01 2.452198167884656694e+06
3.901391194111082372e-01 2.458982403153382707e+06
3.913600957009961134e-01 2.463887661818987224e+06
3.925848931485845794e-01 2.468808271943157073e+06
3.938135237125385824e-01 2.473744281569696497e+06
3.950459993889485766e-01 2.478695738892764319e+06
3.962823322114479296e-01 2.483662692257348448e+06
3.975225342513304949e-01 2.488645190159738995e+06
3.987666176176682398e-01 2.493643281247997191e+06
4.000145944574295398e-01 2.498657014322433155e+06
4.012664769555980282e-01 2.503686438336083665e+06
4.025222773352912231e-01 2.508731602395187132e+06
4.037820078578798211e-01 2.513792555759663694e+06
4.050456808231081562e-01 2.518869347843600437e+06
4.063133085692132163e-01 2.523962028215726372e+06
4.075849034730457121e-01 2.529070646599901840e+06
4.088604779501912034e-01 2.534195252875602804e+06
4.101400444550906688e-01 2.539335897078409325e+06
4.114236154811623525e-01 2.544492629400488455e+06
4.127112035609238894e-01 2.549665500191091560e+06
4.140028212661148177e-01 2.554854559957041871e+06
4.152984812078187593e-01 2.560059859363228083e+06
4.165981960365868764e-01 2.565281449233097490e+06
4.179019784425617723e-01 2.570519380549158901e+06
4.192098411556006154e-01 2.575773704453469720e+06
4.205217969453999283e-01 2.581044472248144913e+06
4.218378586216204873e-01 2.586331735395854805e+06
4.231580390340116127e-01 2.591635545520323329e+06
4.244823510725372895e-01 2.596955954406837467e+06
4.258108076675020670e-01 2.602293014002752490e+06
4.271434217896767360e-01 2.604304729749881197e+06
4.284802064504254493e-01 2.604237268285566010e+06
4.298211747018324536e-01 2.604169595694387797e+06
4.311663396368301537e-01 2.604101711315606255e+06
4.325157143893260114e-01 2.604033614486411680e+06
4.338693121343313308e-01 2.603965304541921243e+06
4.352271460880902110e-01 2.603896780815171078e+06
4.365892295082077212e-01 2.603828042637109291e+06
4.379555756937800193e-01 2.603759089336592238e+06
4.393261979855241917e-01 2.603689920240372885e+06
4.407011097659080390e-01 2.603620534673099406e+06
4.420803244592810821e-01 2.603550931957305409e+06
4.434638555320057907e-01 2.603481111413405277e+06
4.448517164925886447e-01 2.603411072359684855e+06
4.462439208918121403e-01 2.603340814112298191e+06
4.476404823228676277e-01 2.603270335985259153e+06
4.490414144214872061e-01 2.603199637290432584e+06
4.504467308660772829e-01 2.603128717337532435e+06
4.518564453778523560e-01 2.603057575434111059e+06
4.532705717209684626e-01 2.602986210885553155e+06
4.546891237026580157e-01 2.602914622995071579e+06
4.561121151733640855e-01 2.602842811063696165e+06
4.575395600268766239e-01 2.602770774390270468e+06
4.589714722004669123e-01 2.602698512271443382e+06
4.604078656750242304e-01 2.602626024001663551e+06
4.618487544751928020e-01 2.602553308873170521e+06
4.632941526695077972e-01 2.597012062393886037e+06
4.647440743705332222e-01 2.590375020515623037e+06
4.661985337350000314e-01 2.583717207403804176e+06
4.676575449639435167e-01 2.577038558052942622e+06
4.691211223028425303e-01 2.570339007254110649e+06
4.705892800417587063e-01 2.563618489594301209e+06
4.720620325154754604e-01 2.556876939455793705e+06
4.735393941036383780e-01 2.550114291015509050e+06
4.750213792308953242e-01 2.543330478244370781e+06
4.765080023670376641e-01 2.536525434906655923e+06
4.779992780271411501e-01 2.529699094559352379e+06
4.794952207717076975e-01 2.522851390551508870e+06
4.809958452068079926e-01 2.515982256023581140e+06
4.825011659842233791e-01 2.509091623906785157e+06
4.840111978015894656e-01 2.502179426922437735e+06
4.855259554025396218e-01 2.495245597581299488e+06
4.870454535768485305e-01 2.488290068182919174e+06
4.885697071605767938e-01 2.481312770814970601e+06
4.900987310362162064e-01 2.474313637352587655e+06
4.916325401328344169e-01 2.467292599457702599e+06
4.931711494262207562e-01 2.460249588578378782e+06
4.947145739390331753e-01 2.453184535948137753e+06
4.962628287409441286e-01 2.446097372585290577e+06
4.978159289487877892e-01 2.438988029292264953e+06
4.993738897267083754e-01 2.431856436654926743e+06
5.009367262863072545e-01 2.424702525041905697e+06
5.025044538867921018e-01 2.417526224603910930e+06
5.040770878351253925e-01 2.410327465273056179e+06
5.056546434861748374e-01 2.403106176762165502e+06
5.072371362428618191e-01 2.395862288564098999e+06
5.088245815563129382e-01 2.388595729951054323e+06
5.104169949260107808e-01 2.381306429973878898e+06
5.120143918999445765e-01 2.384206046352621168e+06
5.136167880747622982e-01 2.393662626591218170e+06
5.152241990959238738e-01 2.403148802068233490e+06
5.168366406578521755e-01 2.412664665404688567e+06
5.184541285040876746e-01 2.422210309511471540e+06
5.200766784274418741e-01 2.431785827590247616e+06
5.217043062701510747e-01 2.441391313134360593e+06
5.233370279240312506e-01 2.451026859929752070e+06
5.249748593306332589e-01 2.460692562055874616e+06
5.266178164813990481e-01 2.470388513886613306e+06
5.282659154178165339e-01 2.480114810091203079e+06
5.299191722315772513e-01 2.489871545635154005e+06
5.315776030647334505e-01 2.499658815781183541e+06
5.332412241098548611e-01 2.509476716090136673e+06
5.349100516101876757e-01 2.519325342421930283e+06
5.365841018598129786e-01 2.529204790936480276e+06
5.382633912038052859e-01 2.539115158094645943e+06
5.399479360383926396e-01 2.549056540659167804e+06
5.416377528111169237e-01 2.559029035695616622e+06
5.433328580209937364e-01 2.569032740573336836e+06
5.450332682186739275e-01 2.579067752966398373e+06
5.467390000066053579e-01 2.589134170854554977e+06
5.484500700391945482e-01 2.597360368805262260e+06
5.501664950229693263e-01 2.571165599628647789e+06
5.518882917167429181e-01 2.544888851510435808e+06
5.536154769317759294e-01 2.518529867889985908e+06
5.553480675319417692e-01 2.492088391403723042e+06
5.570860804338907402e-01 2.465564163882630412e+06
5.588295326072156843e-01 2.438956926349722315e+06
5.605784410746168511e-01 2.412266419017530046e+06
5.623328229120688748e-01 2.385492381285549607e+06
5.640926952489873081e-01 2.358634551737703849e+06
5.658580752683958215e-01 2.331692668139789719e+06
5.676289802070932922e-01 2.304666467436926439e+06
5.694054273558238899e-01 2.277555685750962235e+06
5.711874340594437216e-01 2.250360058377930894e+06
5.729750177170915837e-01 2.223079319785444532e+06
5.747681957823588261e-01 2.195713203610101249e+06
5.765669857634588835e-01 2.168261442654898856e+06
5.783714052233989156e-01 2.140723768886616454e+06
5.801814717801513366e-01 2.113099913433193229e+06
5.819972031068254559e-01 2.085389606581113534e+06
5.838186169318402285e-01 2.057592577772765653e+06
5.856457310390972282e-01 2.029708555603805929e+06
5.874785632681547298e-01 2.001737267820500070e+06
5.893171315144012379e-01 1.984756001209443435e+06
5.911614537292303462e-01 1.979106532928696135e+06
5.930115479202167084e-01 1.973439384116881061e+06
5.948674321512910090e-01 1.967754499441148946e+06
5.967291245429166002e-01 1.962051823395481799e+06
5.985966432722669150e-01 1.956331300300148083e+06
6.004700065734018821e-01 1.950592874301164178e+06
6.023492327374471156e-01 1.944836489369744668e+06
6.042343401127717728e-01 1.939062089301757282e+06
6.061253471051680775e-01 1.933269617717173183e+06
6.080222721780306205e-01 1.927459018059517955e+06
6.099251338525371047e-01 1.921630233595318161e+06
6.118339507078289774e-01 1.915783207413546974e+06
6.137487413811926196e-01 1.909917882425070507e+06
6.156695245682415329e-01 1.904034201362088788e+06
6.175963190230991939e-01 1.898132106777576730e+06
6.195291435585814632e-01 1.892211541044722777e+06
6.214680170463805498e-01 1.886272446356369881e+06
6.234129584172500849e-01 1.880314764724443434e+06
6.253639866611885312e-01 1.874338437979393406e+06
6.273211208276252560e-01 1.868343407769622514e+06
6.292843800256071596e-01 1.862329615560915554e+06
6.312537834239841938e-01 1.856297002635869430e+06
6.332293502515969896e-01 1.850245510093320394e+06
6.352110997974650397e-01 1.844175078847766854e+06
6.371990514109739934e-01 1.838085649628794752e+06
6.391932245020657266e-01 1.831977162980496651e+06
6.411936385414268580e-01 1.825849559260893846e+06
6.432003130606797070e-01 1.819702778641351033e+06
6.452132676525723642e-01 1.820243744577734033e+06
6.472325219711702049e-01 1.827769037208808586e+06
6.492580957320480683e-01 1.835317880935940892e+06
6.512900087124822157e-01 1.842890349464453757e+06
6.533282807516437307e-01 1.850486516730337404e+06
6.553729317507925867e-01 1.858106456900973339e+06
6.574239816734710473e-01 1.865750244375854265e+06
6.594814505456993992e-01 1.873417953787315171e+06
6.615453584561714617e-01 1.881109660001258831e+06
6.636157255564498758e-01 1.888825438117886893e+06
6.656925720611637232e-01 1.896565363472434925e+06
6.677759182482060352e-01 1.904329511635908158e+06
6.698657844589307464e-01 1.912117958415815840e+06
6.719621910983520907e-01 1.919930779856914887e+06
6.740651586353441083e-01 1.927768052241952391e+06
6.761747076028394865e-01 1.935629852092407644e+06
6.782908585980309546e-01 1.943516256169242086e+06
6.804136322825717897e-01 1.951427341473645996e+06
6.825430493827782108e-01 1.959363185247794725e+06
6.846791306898311058e-01 1.967323864975597942e+06
6.868218970599790918e-01 1.975309458383458667e+06
6.889713694147429068e-01 1.983320043441032758e+06
6.911275687411184698e-01 1.991355698361988645e+06
6.932905160917826048e-01 1.999416501604770310e+06
6.954602325852988765e-01 2.007502531873367960e+06
6.976367394063228700e-01 2.015613868118080543e+06
6.998200578058093591e-01 2.023750589536288986e+06
7.020102091012206946e-01 2.031912775573232444e+06
7.042072146767334173e-01 2.040100505922778510e+06
7.064110959834480896e-01 2.044284496077232994e+06
7.086218745395983509e-01 2.044232105662230169e+06
7.108395719307616378e-01 2.044179551286600530e+06
7.130642098100689052e-01 2.044126832437213976e+06
7.152958098984164570e-01 2.044073948599335970e+06
7.175343939846787755e-01 2.044020899256617995e+06
7.197799839259202415e-01 2.043967683891098946e+06
7.220326016476086295e-01 2.043914301983193960e+06
7.242922691438301586e-01 2.043860753011694411e+06
7.265590084775032098e-01 2.043807036453758832e+06
7.288328417805938209e-01 2.043753151784909889e+06
7.311137912543326234e-01 2.043699098479029490e+06
7.334018791694307815e-01 2.043644876008352032e+06
7.356971278662973734e-01 2.043590483843461145e+06
7.379995597552585496e-01 2.043535921453282936e+06
7.403091973167750250e-01 2.043481188305081334e+06
7.426260631016623481e-01 2.043426283864454133e+06
7.449501797313111684e-01 2.043371207595325774e+06
7.472815698979076160e-01 2.043315958959942451e+06
7.496202563646551242e-01 2.043260537418869091e+06
7.519662619659964742e-01 2.043204942430980504e+06
7.543196096078376156e-01 2.043149173453459516e+06
7.566803222677699337e-01 2.043093229941789061e+06
7.590484229952954021e-01 2.043037111349749146e+06
7.614239349120520695e-01 2.042980817129409174e+06
7.638068812120387685e-01 2.042924346731123980e+06
7.661972851618419345e-01 2.042867699603529181e+06
7.685951701008635339e-01 2.042810875193533488e+06
7.710005594415479946e-01 2.042753872946315212e+06
7.734134766696109109e-01 2.042696692305317149e+06
7.758339453442691935e-01 2.042639332712238887e+06
7.782619890984699973e-01 2.042581793607034022e+06
7.806976316391219806e-01 2.042525320226027630e+06
7.831408967473267868e-01 2.042472197685323656e+06
7.855918082786117473e-01 2.042418908892737934e+06
7.880503901631614738e-01 2.042365453327970346e+06
7.905166664060524484e-01 2.042311830469091656e+06
7.929906610874879469e-01 2.042258039792539552e+06
7.954723983630316297e-01 2.042204080773113528e+06
7.979619024638443525e-01 2.042149952883968828e+06
8.004591976969213096e-01 2.042095655596611788e+06
8.029643084453278457e-01 2.042041188380895415e+06
8.054772591684384864e-01 2.041986550705013797e+06
8.079980744021761918e-01 2.041931742035495117e+06
8.105267787592508322e-01 2.041876761837199796e+06
8.130633969293998842e-01 2.041821609573312569e+06
8.156079536796303486e-01 2.041766284705338068e+06
8.181604738544591138e-01 2.041710786693096161e+06
8.207209823761565382e-01 2.041655114994716132e+06
8.232895042449898115e-01 2.041599269066630630e+06
8.258660645394662048e-01 2.041543248363572173e+06
8.284506884165790952e-01 2.041487052338566165e+06
8.310434011120521047e-01 2.041430680442927172e+06
8.336442279405875677e-01 2.041374132126250770e+06
8.362531942961115572e-01 2.041317406836411450e+06
8.388703256520230189e-01 2.045213654869321967e+06
8.414956475614425724e-01 2.050793006999668200e+06
8.441291856574613117e-01 2.056389820226134267e+06
8.467709656533913831e-01 2.062004149194827303e+06
8.494210133430177834e-01 2.067636048722876003e+06
8.520793546008487152e-01 2.073285573798962869e+06
8.547460153823691620e-01 2.078952779583862750e+06
8.574210217242947962e-01 2.084637721410982311e+06
8.601043997448251099e-01 2.090340454786898103e+06
8.627961756438988772e-01 2.096061035391899757e+06
8.654963757034498384e-01 2.101799519080533646e+06
8.682050262876643831e-01 2.107555961882148869e+06
8.709221538432369014e-01 2.113330420001442079e+06
8.736477848996294648e-01 2.119122949819007423e+06
8.763819460693313967e-01 2.124933607891890686e+06
8.791246640481170660e-01 2.130762450954134576e+06
8.818759656153081217e-01 2.136609535917336587e+06
8.846358776340350616e-01 2.142474919871206861e+06
8.874044270514984678e-01 2.148358660084119532e+06
8.901816408992325735e-01 2.154260814003677573e+06
8.929675462933701624e-01 2.160181439257272519e+06
8.957621704349053582e-01 2.166120593652642798e+06
8.985655406099606335e-01 2.172078335178443696e+06
9.013776841900534853e-01 2.178054722004811745e+06
9.041986286323625555e-01 2.184049812483930960e+06
9.070284014799959715e-01 2.190063665150605142e+06
9.098670303622614641e-01 2.196096338722826913e+06
9.127145429949343747e-01 2.202147892102352809e+06
9.155709671805295491e-01 2.208218384375278372e+06
9.184363308085717881e-01 2.214307874812611844e+06
9.213106618558699612e-01 2.220416422870860901e+06
9.241939883867876793e-01 2.226544088192603085e+06
9.270863385535189627e-01 2.226343594920725096e+06
9.299877405963631327e-01 2.219183851393091958e+06
9.328982228439995916e-01 2.212001700788972434e+06
9.358178137137649344e-01 2.204797072983358521e+06
9.387465417119311706e-01 2.197569897631777916e+06
9.416844354339825029e-01 2.190320104169610422e+06
9.446315235648953257e-01 2.183047621811396908e+06
9.475878348794191108e-01 2.175752379550148267e+06
9.505533982423558514e-01 2.168434306156652048e+06
9.535282426088426133e-01 2.161093330178779550e+06
9.565123970246344198e-01 2.153729379940784071e+06
9.595058906263879139e-01 2.146342383542602416e+06
9.625087526419452422e-01 2.138932268859155476e+06
9.655210123906193820e-01 2.131498963539641816e+06
9.685426992834820226e-01 2.124042395006830338e+06
9.715738428236482260e-01 2.116562490456353407e+06
9.746144726065663066e-01 2.109059176855996251e+06
9.776646183203065998e-01 2.101532380944981240e+06
9.807243097458504533e-01 2.093982029233255656e+06
9.837935767573814383e-01 2.086408048000773648e+06
9.868724493225777827e-01 2.078810363296773052e+06
9.899609575029040265e-01 2.071188900939058512e+06
9.930591314539042314e-01 2.063543586513274116e+06
9.961670014254980776e-01 2.055874345372176729e+06
9.992845977622745179e-01 2.048181102634907700e+06
1.002411950903788318e+00 2.040463783186263870e+06
1.005549091384858817e+00 2.036917210417524679e+06
1.008696049835865916e+00 2.035187950209803181e+06
1.011852856983050275e+00 2.033453278123068158e+06
1.015019543648812750e+00 2.031713177220346406e+06
1.018196140752017254e+00 2.029967630511657801e+06
1.021382679308289188e+00 2.028216620953852078e+06
1.024579190430321640e+00 2.026460131450439105e+06
1.027785705328177146e+00 2.024698144851425430e+06
1.031002255309592774e+00 2.022930643953143852e+06
1.034228871780286996e+00 2.021157611498087412e+06
1.037465586244263882e+00 2.019379030174739892e+06
1.040712430304123304e+00 2.017594882617407246e+06
1.043969435661368905e+00 2.015805151406047167e+06
1.047236634116714971e+00 2.014009819066101220e+06
1.050514057570401061e+00 2.012208868068321375e+06
1.053801738022501322e+00 2.010402280828600749e+06
1.057099707573235348e+00 2.008590039707801538e+06
1.060407998423285036e+00 2.006772127011582488e+06
1.063726642874107453e+00 2.004948524990225444e+06
1.067055673328248133e+00 2.003119215838464443e+06
1.070395122289661272e+00 2.001284181695309235e+06
1.073745022364024804e+00 1.999443404643872287e+06
1.077105406259057929e+00 1.997596866711193463e+06
1.080476306784843077e+00 1.995744549868064234e+06
1.083857756854144982e+00 1.993886436028852360e+06
1.087249789482729767e+00 1.992022507051325869e+06
1.090652437789692453e+00 1.990152744736472610e+06
1.094065734997774486e+00 1.988277130828327499e+06
1.097489714433693031e+00 1.986395647013790673e+06
1.100924409528463599e+00 1.984508274922448909e+06
1.104369853817726232e+00 1.982614996126398444e+06
1.107826080942075242e+00 1.980715792140062898e+06
1.111293124647386055e+00 1.978810644420013996e+06
1.114771018785143619e+00 1.976899534364789957e+06
1.118259797312775472e+00 1.951408228107170435e+06
1.121759494293982584e+00 1.921983180212671869e+06
1.125270143899069319e+00 1.892466043921960751e+06
1.128791780405280720e+00 1.862856531035921071e+06
1.132324438197136240e+00 1.833154352453485830e+06
1.135868151766762590e+00 1.803359218168838415e+06
1.139422955714234575e+00 1.773470837268547621e+06
1.142988884747911493e+00 1.743488917928738054e+06
1.146565973684773310e+00 1.713413167412264040e+06
1.150154257450765050e+00 1.683243292065816233e+06
1.153753771081135859e+00 1.652978997317066183e+06
1.157364549720778513e+00 1.622619987671816256e+06
1.160986628624577577e+00 1.592165966711070156e+06
1.164620043157750473e+00 1.561616637088165618e+06
1.168264828796191868e+00 1.530971700525878696e+06
1.171921021126822504e+00 1.500230857813491020e+06
1.175588655847936925e+00 1.469393808803866152e+06
1.179267768769548086e+00 1.438460252410553629e+06
1.182958395813741515e+00 1.407429886604806641e+06
1.186660573015024811e+00 1.376302408412649296e+06
1.190374336520676257e+00 1.345077513911942486e+06
1.194099722591103641e+00 1.339990564451608341e+06
1.197836767600191754e+00 1.337394657202088507e+06
1.201585508035663219e+00 1.334790625821855618e+06
1.205345980499432201e+00 1.332178444885694189e+06
1.209118221707960128e+00 1.329558088888819097e+06
1.212902268492617619e+00 1.326929532246625749e+06
1.216698157800042646e+00 1.324292749294438865e+06
1.220505926692499132e+00 1.321647714287264505e+06
1.224325612348242664e+00 1.318994401399536990e+06
1.228157252061881755e+00 1.316332784724866273e+06
1.232000883244739775e+00 1.313662838275787886e+06
1.235856543425224219e+00 1.310984535983505193e+06
1.239724270249190852e+00 1.308297851697637700e+06
1.243604101480310531e+00 1.305602759185964707e+06
1.247496075000440019e+00 1.302899232134170365e+06
1.251400228809991244e+00 1.300187244145583827e+06
1.255316601028300116e+00 1.297466768740925239e+06
1.259245229894002227e+00 1.294737779358044500e+06
1.263186153765404551e+00 1.292000249351662584e+06
1.267139411120858039e+00 1.289254151993112639e+06
1.271105040559137089e+00 1.286499460470077116e+06
1.275083080799814361e+00 1.283736147886326537e+06
1.279073570683637362e+00 1.280964187261458719e+06
1.283076549172911029e+00 1.278183551530631958e+06
1.287092055351876541e+00 1.275394213544303784e+06
1.291120128427090341e+00 1.272596146067965077e+06
1.295160807727812280e+00 1.269789321781872772e+06
1.299214132706386193e+00 1.266973713280784199e+06
1.303280142938623376e+00 1.264149293073690729e+06
1.307358878124194046e+00 1.261204310556993121e+06
1.311450378087011481e+00 1.258239001038808608e+06
1.315554682775620154e+00 1.255264411311504664e+06
1.319671832263588529e+00 1.252280512331812875e+06
1.323801866749899414e+00 1.249287274965569377e+06
1.327944826559340319e+00 1.246284669987435453e+06
1.332100752142900690e+00 1.243272668080606032e+06
1.336269684078163156e+00 1.240251239836529130e+06
1.340451663069703425e+00 1.237220355754613411e+06
1.344646729949485975e+00 1.234179986241943669e+06
1.348854925677260175e+00 1.231130101612992119e+06
1.353076291340965520e+00 1.228070672089325963e+06
1.357310868157129535e+00 1.225001667799317744e+06
1.361558697471268342e+00 1.221923058777856408e+06
1.365819820758295444e+00 1.218834814966049511e+06
1.370094279622923406e+00 1.215736906210933346e+06
1.374382115800068638e+00 1.212629302265179111e+06
1.378683371155262405e+00 1.209511972786795115e+06
1.382998087685059163e+00 1.206384887338830391e+06
1.387326307517442237e+00 1.203248015389081556e+06
1.391668072912240817e+00 1.200101326309789903e+06
1.396023426261540301e+00 1.196944789377343841e+06
1.400392410090093964e+00 1.193778373771981569e+06
1.404775067055741733e+00 1.190602048577486537e+06
1.409171439949826077e+00 1.187415782780886162e+06
1.413581571697605677e+00 1.184219545272152638e+06
1.418005505358681084e+00 1.181013304843894206e+06
1.422443284127410834e+00 1.177797030191052705e+06
1.426894951333332884e+00 1.174570689910599729e+06
1.431360550441590274e+00 1.171334252501226263e+06
1.435840125053354788e+00 1.168087686363037908e+06
1.440333718906249949e+00 1.164830959797245683e+06
1.444841375874782008e+00 1.161564041005855659e+06
1.449363139970766712e+00 1.158286898091359530e+06
1.453899055343756741e+00 1.154999499056423781e+06
1.458449166281477583e+00 1.151701811803573743e+06
1.463013517210254522e+00 1.148393804134885781e+06
1.467592152695450958e+00 1.145075443751667859e+06
1.472185117441902502e+00 1.141746698254146380e+06
1.476792456294349298e+00 1.138407535141151166e+06
1.481414214237880556e+00 1.135057921809794614e+06
1.486050436398369756e+00 1.131697825555155752e+06
1.490701168042913860e+00 1.128327213569963118e+06
1.495366454580279614e+00 1.124946052944268798e+06
1.500046341561345198e+00 1.121554310665130150e+06
1.504740874679541207e+00 1.117888092315598391e+06
1.509450099771303178e+00 1.114141646037806291e+06
1.514174062816515676e+00 1.110383474911493948e+06
1.518912809938959274e+00 1.106613542242670199e+06
1.523666387406765077e+00 1.102831811222504592e+06
1.528434841632865471e+00 1.099038244926969288e+06
1.533218219175443098e+00 1.095232806316482369e+06
1.538016566738391600e+00 1.091415458235540194e+06
1.542829931171768809e+00 1.087586163412357913e+06
1.547658359472251277e+00 1.083744884458507411e+06
1.552501898783599010e+00 1.079891583868547576e+06
1.557360596397111996e+00 1.076026224019661546e+06
1.562234499752091166e+00 1.072148767171288840e+06
1.567123656436304691e+00 1.068259175464755623e+06
1.572028114186451608e+00 1.064357410922905663e+06
1.576947920888624566e+00 1.060443435449731071e+06
1.581883124578782995e+00 1.056517210829998134e+06
1.586833773443218965e+00 1.052578698728873860e+06
1.591799915819025468e+00 1.048627860691555310e+06
1.596781600194573603e+00 1.044664658142890316e+06
1.601778875209982855e+00 1.040689052387001575e+06
1.606791789657594727e+00 1.036701004606911214e+06
1.611820392482452791e+00 1.032700475864158710e+06
1.616864732782778535e+00 1.028687427098421613e+06
1.621924859810448538e+00 1.024661819127137074e+06
1.627000822971480964e+00 1.020623612645113375e+06
1.632092671826511632e+00 1.016572768224153086e+06
1.637200456091282730e+00 1.012509246312662144e+06
1.642324225637127322e+00 1.008433007235265919e+06
1.647464030491452291e+00 1.004344011192424456e+06
1.652619920838232392e+00 1.000242218260039343e+06
1.657791947018498080e+00 9.961275883890660480e+05
1.662980159530823787e+00 9.897021301186665660e+05
1.668184609031827081e+00 9.815042507422468625e+05
1.673405346336659161e+00 9.732807153476318344e+05
1.678642422419500013e+00 9.650314436419529375e+05
1.683895888414060460e+00 9.567563550810539164e+05
1.689165795614078869e+00 9.484553688687086105e+05
1.694452195473819422e+00 9.401284039558352670e+05
1.699755139608580157e+00 9.317753790396976983e+05
1.705074679795193449e+00 9.233962125631154049e+05
1.710410867972529836e+00 9.149908227136707865e+05
1.715763756242009386e+00 9.065591274229036644e+05
1.721133396868109067e+00 8.981010443655118579e+05
1.726519842278869232e+00 8.896164909585531568e+05
1.731923145066411429e+00 8.811053843606309965e+05
1.737343357987449100e+00 8.725676414710875833e+05
1.742780533963799838e+00 8.640031789291996974e+05
1.748234726082907864e+00 8.554119131133538904e+05
1.753705987598359162e+00 8.467937601402353030e+05
1.759194371930399070e+00 8.381486358640134567e+05
1.764699932666459636e+00 8.294500690344797913e+05
1.770222723561679423e+00 8.206369196714317659e+05
1.775762798539425535e+00 8.117961887461269507e+05
1.781320211691827415e+00 8.029277899395237910e+05
1.786895017280296871e+00 7.940316366624439834e+05
1.792487269736064759e+00 7.851076420547153102e+05
1.798097023660709004e+00 7.761557189843294909e+05
1.803724333826686399e+00 7.671757800465935143e+05
1.809369255177870617e+00 7.581677375632711919e+05
1.815031842830088449e+00 7.491315035817271564e+05
1.820712152071653378e+00 7.400669898740753997e+05
1.826410238363911365e+00 7.309741079363087192e+05
1.832126157341780193e+00 7.218527689874375938e+05
1.837859964814289260e+00 7.127028839686291758e+05
1.843611716765130248e+00 7.035243635423280066e+05
1.849381469353201135e+00 6.943171180913886055e+05
1.855169278913151087e+00 6.850810577182053821e+05
1.860975201955937131e+00 6.758160922438246198e+05
1.866799295169371931e+00 6.665221312070700806e+05
1.872641615418675798e+00 6.571990838636624394e+05
1.878502219747035795e+00 6.478468591853267280e+05
1.884381165376162182e+00 6.384653658589045517e+05
1.890278509706841525e+00 6.290545122854716610e+05
1.896194310319505805e+00 6.196142065794295631e+05
1.902128624974788851e+00 6.101443565676171565e+05
1.908081511614090120e+00 6.006448697884118883e+05
1.914053028360143571e+00 5.911156534908215981e+05
1.920043233517584991e+00 5.815566146335789235e+05
1.926052185573515763e+00 5.719676598842419917e+05
1.932079943198081962e+00 5.634292602491974831e+05
1.938126565245042565e+00 5.585072206592458533e+05
1.944192110752342106e+00 5.535697770932819694e+05
1.950276638942692875e+00 5.486168813431436429e+05
1.956380209224149791e+00 5.436484850497976877e+05
1.962502881190688386e+00 5.386645397028683219e+05
1.968644714622791225e+00 5.336649966401603306e+05
1.974805769488029661e+00 5.286498070471858373e+05
1.980986105941646702e+00 5.236189219566889224e+05
1.987185784327149873e+00 5.185722922481637797e+05
1.993404865176893637e+00 5.135098686473807902e+05
1.999643409212676914e+00 5.084316017258990905e+05
2.005901477346333284e+00 5.033374419005872915e+05
2.012179130680322725e+00 4.982273394331411109e+05
2.018476430508333141e+00 4.931012444295940222e+05
2.024793438315877214e+00 4.879591068398311036e+05
2.031130215780889703e+00 4.828008764571031788e+05
2.037486824774334071e+00 4.776265029175328673e+05
2.043863327360805560e+00 4.724359356996235438e+05
2.050259785799132484e+00 4.672291241237700451e+05
2.056676262542991740e+00 4.620060173517576768e+05
2.063112820241514545e+00 4.570811677026898251e+05
2.069569521739894835e+00 4.529421475608497858e+05
2.076046430080009664e+00 4.487901739744431688e+05
2.082543608501031152e+00 4.446252064044722938e+05
2.089061120440041996e+00 4.404472041850702954e+05
2.095599029532659863e+00 4.362561265231011203e+05
2.102157399613655109e+00 4.320519324977633078e+05
2.108736294717572513e+00 4.278345810601913254e+05
2.115335779079362322e+00 4.236040310330514912e+05
2.121955917135002867e+00 4.193602411101424368e+05
2.128596773522128949e+00 4.151031698559925426e+05
2.135258413080666884e+00 4.108327757054524263e+05
2.141940900853465557e+00 4.065490169632909819e+05
2.148644302086929692e+00 4.022518518037890899e+05
2.155368682231660227e+00 3.979412382703291369e+05
2.162114106943092029e+00 3.936171342749864561e+05
2.168880642082132049e+00 3.892794975981196039e+05
2.175668353715809022e+00 3.849282858879548148e+05
2.182477308117910297e+00 3.805634566601769766e+05
2.189307571769636418e+00 3.761849672975102440e+05
2.196159211360246832e+00 3.717927750493043568e+05
2.203032293787707374e+00 3.673868370311193285e+05
2.209926886159351955e+00 3.629671102243013447e+05
2.216843055792531381e+00 3.585335514755666372e+05
2.223780870215270600e+00 3.540861174965807004e+05
2.230740397166931288e+00 3.496247648635329097e+05
2.237721704598873540e+00 3.451494500167129445e+05
2.244724860675112676e+00 3.406601292600890156e+05
2.251749933772993817e+00 3.171098246447948623e+05
2.258796992483854904e+00 2.911357877715207869e+05
2.265866105613693282e+00 2.650804627587209688e+05
2.272957342183844265e+00 2.389435952076763497e+05
2.280070771431653043e+00 2.127249299234992068e+05
2.287206462811144370e+00 1.864242109126645664e+05
2.294364485993710456e+00 1.600411813804749690e+05
2.301544910868785099e+00 1.335755837285754096e+05
2.308747807544525799e+00 1.070271595524397271e+05
2.315973246348502546e+00 8.039564963883130986e+04
2.323221297828381715e+00 5.368079396328287112e+04
2.330492032752611742e+00 2.688233168756889063e+04
2.337785522111121228e+00 1.157132688183020721e-03
