1.020343390730452521e-01 8.298073839390054345e+06
1.024228117478227645e-01 8.375019185445417650e+06
1.028127634444709615e-01 8.452257483507581055e+06
1.032041997940311706e-01 8.529789848925067112e+06
1.035971264489836674e-01 8.607617401292840019e+06
1.039915490833292488e-01 8.685741264468470588e+06
1.043874733926712095e-01 8.764162566588357091e+06
1.047849050942975396e-01 8.842882440084027126e+06
1.051838499272635119e-01 8.921902021698476747e+06
1.055843136524745873e-01 9.001222452502608299e+06
1.059863020527695293e-01 9.080844877911685035e+06
1.063898209330040034e-01 9.160770447701880708e+06
1.067948761201342744e-01 9.241000316026875749e+06
1.072014734633014721e-01 9.321535641434535384e+06
1.076096188339160376e-01 8.807594104223208502e+06
1.080193181257424334e-01 8.093759592752193101e+06
1.084305772549842978e-01 7.377207317785706371e+06
1.088434021603699176e-01 6.657926932053715922e+06
1.092577988032379099e-01 5.935908048891359009e+06
1.096737731676233479e-01 5.211140242088878527e+06
1.100913312603441496e-01 4.483613045741111040e+06
1.105104791110878837e-01 3.753315954096240457e+06
1.109312227724987276e-01 3.630931399391178507e+06
1.113535683202649951e-01 3.660031436944441404e+06
1.117775218532067460e-01 3.689242266310804058e+06
1.122030894933639666e-01 3.718564309305045288e+06
1.126302773860849149e-01 3.747997989347904921e+06
1.130590917001148415e-01 3.777543731472203042e+06
1.134895386276851686e-01 3.807201962328978349e+06
1.139216243846027654e-01 3.836973110193642322e+06
1.143553552103398069e-01 3.866857604972170666e+06
1.147907373681238824e-01 3.896855878207310103e+06
1.152277771450283539e-01 3.926968363084807061e+06
1.156664808520632137e-01 3.957195494439663831e+06
1.161068548242662340e-01 3.987537708762424067e+06
1.165489054207943104e-01 4.017995444205459673e+06
1.169926390250154852e-01 4.048569140589320101e+06
1.174380620446009993e-01 4.079259239409065340e+06
1.178851809116178567e-01 4.110066183840651065e+06
1.183340020826217087e-01 4.140990418747323565e+06
1.187845320387500569e-01 4.172032390686046332e+06
1.192367772858159009e-01 4.203192547913947143e+06
1.196907443544016209e-01 4.234471340394790284e+06
1.201464397999533473e-01 4.265869219805478118e+06
1.206038702028755516e-01 4.297386639542566612e+06
1.210630421686261227e-01 4.329024054728820920e+06
1.215239623278117631e-01 4.360781922219780274e+06
1.219866373362836764e-01 4.392660700610361062e+06
1.224510738752337263e-01 4.424660850241471082e+06
1.229172786512909149e-01 4.456782833206668496e+06
1.233852583966181943e-01 4.489027113358820789e+06
1.238550198690097082e-01 4.521394156316817738e+06
1.243265698519884083e-01 4.553884429472283460e+06
1.247999151549039204e-01 4.586498401996328495e+06
1.252750626130310074e-01 4.619236544846333563e+06
1.257520190876681154e-01 4.652099330772736110e+06
1.262307914662365305e-01 4.685087234325861558e+06
1.267113866623799379e-01 4.718200731862789020e+06
1.271938116160640508e-01 4.751440301554212347e+06
1.276780732936770024e-01 4.784806423391352408e+06
1.281641786881298206e-01 4.818299579192887060e+06
1.286521348189574865e-01 4.851335319480868056e+06
1.291419487324202697e-01 4.874035916766430251e+06
1.296336275016055084e-01 4.896822941443268210e+06
1.301271782265296939e-01 4.919696722564131953e+06
1.306226080342410278e-01 4.942657590434564278e+06
1.311199240789223119e-01 4.965705876617670991e+06
1.316191335419943376e-01 4.988841913938916288e+06
1.321202436322194973e-01 5.012066036490913481e+06
1.326232615858058961e-01 5.035378579638260417e+06
1.331281946665119342e-01 5.058779880022386089e+06
1.336350501657510570e-01 5.082270275566394441e+06
1.341438354026971425e-01 5.105850105479964055e+06
1.346545577243901948e-01 5.129519710264234804e+06
1.351672245058423705e-01 5.153279431716728024e+06
1.356818431501445321e-01 5.177129612936279736e+06
1.361984210885731905e-01 5.201070598328002729e+06
1.367169657806975858e-01 5.225102733608242124e+06
1.372374847144878507e-01 5.249226365809598006e+06
1.377599854064226192e-01 5.273441843285902403e+06
1.382844754015980504e-01 5.297749515717279166e+06
1.388109622738362969e-01 5.322149734115165658e+06
1.393394536257953065e-01 5.346642850827407092e+06
1.398699570890784005e-01 5.371229219543331303e+06
1.404024803243444364e-01 5.395909195298853330e+06
1.409370310214185795e-01 5.420683134481612593e+06
1.414736168994032151e-01 5.445551394836113788e+06
1.420122457067894972e-01 5.470514335468886420e+06
1.425529252215691767e-01 5.495572316853687167e+06
1.430956632513469551e-01 5.520725700836686417e+06
1.436404676334532282e-01 5.545974850641704164e+06
1.441873462350572732e-01 5.571320130875456147e+06
1.447363069532808522e-01 5.596761907532813028e+06
1.452873577153121210e-01 5.622300548002086580e+06
1.458405064785203709e-01 5.647936421070342883e+06
1.463957612305706590e-01 5.673669896928711794e+06
1.469531299895393273e-01 5.699501347177751362e+06
1.475126208040296871e-01 5.725431144832798280e+06
1.480742417532883437e-01 5.751459664329365827e+06
1.486380009473217967e-01 5.777587281528542750e+06
1.492039065270134579e-01 5.803814373722421005e+06
1.497719666642415015e-01 5.830141319639556110e+06
1.503421895619964643e-01 5.856568499450415373e+06
1.509145834545001508e-01 5.883096294772891328e+06
1.514891566073240659e-01 5.909725088677788153e+06
1.520659173175091528e-01 5.936455265694372356e+06
1.526448739136854749e-01 5.963406961897779256e+06
1.532260347561923697e-01 6.012957126351759769e+06
1.538094082371993798e-01 6.062695941852986813e+06
1.543950027808272674e-01 6.112624126647666097e+06
1.549828268432697220e-01 6.162742401716560125e+06
1.555728889129155690e-01 6.213051490785410628e+06
1.561651975104711432e-01 6.263552120335374027e+06
1.567597611890835241e-01 6.314245019613524899e+06
1.573565885344639093e-01 6.365130920643375255e+06
1.579556881650116817e-01 6.416210558235457167e+06
1.585570687319388383e-01 6.467484669997925870e+06
1.591607389193948896e-01 6.518953996347210370e+06
1.597667074445922875e-01 6.570619280518710613e+06
1.603749830579322688e-01 6.622481268577521667e+06
1.609855745431313656e-01 6.674540709429228678e+06
1.615984907173478868e-01 6.726798354830679484e+06
1.622137404313097886e-01 6.779254959400892258e+06
1.628313325694418223e-01 6.831911280631903559e+06
1.634512760499945705e-01 6.884768078899755143e+06
1.640735798251724553e-01 6.937826117475420237e+06
1.646982528812637181e-01 6.991086162535881624e+06
1.653253042387695937e-01 7.044548983175142668e+06
1.659547429525350115e-01 7.098215351415374316e+06
1.665865781118791022e-01 7.152086042218041606e+06
1.672208188407265650e-01 7.206161833495103754e+06
1.678574742977393119e-01 7.260443506120236591e+06
1.684965536764488625e-01 7.314931843940123916e+06
1.691380662053889872e-01 7.369627633785761893e+06
1.697820211482290176e-01 7.424531665483835153e+06
1.704284278039076561e-01 7.479644731868111528e+06
1.710772955067671186e-01 7.534967628790888004e+06
1.717286336266881097e-01 7.590501155134499073e+06
1.723824515692249648e-01 7.646246112822834402e+06
1.730387587757416246e-01 7.702203306832937524e+06
1.736975647235478037e-01 7.758373545206610113e+06
1.743588789260359651e-01 7.804434039546867833e+06
1.750227109328186537e-01 7.842444566275981255e+06
1.756890703298664980e-01 7.880599809490962885e+06
1.763579667396462936e-01 7.918900320167100988e+06
1.770294098212605582e-01 7.957346651377419010e+06
1.777034092705862545e-01 7.995939358300615102e+06
1.783799748204156488e-01 8.034678998229134828e+06
1.790591162405960335e-01 8.073566130577160977e+06
1.797408433381713355e-01 8.112601316888732836e+06
1.804251659575236422e-01 8.151785120845841244e+06
1.811120939805151708e-01 8.191118108276567422e+06
1.818016373266312380e-01 8.230600847163255326e+06
1.824938059531232282e-01 8.270233907650710084e+06
1.831886098551525899e-01 8.310017862054440193e+06
1.838860590659350813e-01 8.349953284868913703e+06
1.845861636568855990e-01 8.390040752775853500e+06
1.852889337377637280e-01 8.430280844652567059e+06
1.859943794568196807e-01 8.470674141580313444e+06
1.867025110009408184e-01 8.511221226852681488e+06
1.874133385957987841e-01 8.551922685984019190e+06
1.881268725059971336e-01 8.592779106717890128e+06
1.888431230352196344e-01 8.633791079035557806e+06
1.895621005263788683e-01 8.674959195164499804e+06
1.902838153617659456e-01 8.716284049586981535e+06
1.910082779631998851e-01 8.757766239048602059e+06
1.917354987921787990e-01 8.799406362566959113e+06
1.924654883500302172e-01 8.841205021440256387e+06
1.931982571780634650e-01 8.883162819256016985e+06
1.939338158577211535e-01 8.925280361899772659e+06
1.946721750107326676e-01 8.967558257563844323e+06
1.954133452992669329e-01 9.009997116756090894e+06
1.961573374260869862e-01 9.052597552308754995e+06
1.969041621347039084e-01 9.095360179387295619e+06
1.976538302095324773e-01 9.138285615499267355e+06
1.984063524760465991e-01 9.181374480503259227e+06
1.991617398009357665e-01 9.224627396617822349e+06
1.999200030922618776e-01 9.268044988430460915e+06
2.006811532996169156e-01 8.931516665114687756e+06
2.014452014142808223e-01 8.144630987077947706e+06
2.022121584693804819e-01 7.354749419746770523e+06
2.029820355400488163e-01 6.561860556950116530e+06
2.037548437435848514e-01 5.765952949090490118e+06
2.045305942396142274e-01 4.967015102978624403e+06
2.053092982302503477e-01 4.165035481667526532e+06
2.060909669602561112e-01 3.360002504285900854e+06
2.068756117172061981e-01 2.551904545871018432e+06
2.076632438316504403e-01 1.740729937200465472e+06
2.084538746772768292e-01 9.264669646242542658e+05
2.092475156710764950e-01 8.164279654900936875e+05
2.100441782735077700e-01 8.218942674521236913e+05
2.108438739886625279e-01 8.273813811228756094e+05
2.116466143644313846e-01 8.328893857382228598e+05
2.124524109926714532e-01 8.384183608357150806e+05
2.132612755093726831e-01 8.439683862557195826e+05
2.140732195948269745e-01 8.495395421425810782e+05
2.148882549737958503e-01 8.551319089457732625e+05
2.157063934156804308e-01 8.607455674210644793e+05
2.165276467346911315e-01 8.663805986316818744e+05
2.173520267900182767e-01 8.720370839494823013e+05
2.181795454860034345e-01 8.777151050561281154e+05
2.190102147723111958e-01 8.834147439442657633e+05
2.198440466441018426e-01 8.891360829187101917e+05
2.206810531422044863e-01 8.948792045976333320e+05
2.215212463532909848e-01 9.006441919137570076e+05
2.223646384100504969e-01 9.064311281155510806e+05
2.232112414913646481e-01 9.122400967684350908e+05
2.240610678224832231e-01 9.180711817559835035e+05
2.249141296752012742e-01 9.239244672811415512e+05
2.257704393680354527e-01 9.298000378674344392e+05
2.266300092664028376e-01 9.356979783601951785e+05
2.274928517827986274e-01 9.416183739277831046e+05
2.283589793769761900e-01 9.475613100628197426e+05
2.292284045561261696e-01 9.535268725834174547e+05
2.301011398750579529e-01 9.595151476344247349e+05
2.309771979363800520e-01 9.655262216886638198e+05
2.318565913906830422e-01 9.715601815481859958e+05
2.327393329367212771e-01 9.776171143455184065e+05
2.336254353215972690e-01 9.836971075449293712e+05
2.345149113409447372e-01 9.898002489436836913e+05
2.354077738391142094e-01 9.959266266733171651e+05
2.363040357093580401e-01 1.002076329200905282e+06
2.372037098940167898e-01 1.008249445330342511e+06
2.381068093847060196e-01 1.014446064203623449e+06
2.390133472225039191e-01 1.020666275302131195e+06
2.399233364981396832e-01 1.026910168447929085e+06
2.408367903521824449e-01 1.033562307049618335e+06
2.417537219752310951e-01 1.040360567946452298e+06
2.426741446081047970e-01 1.047184711684479378e+06
2.435980715420341114e-01 1.054034836806764593e+06
2.445255161188527593e-01 1.060911042231553001e+06
2.454564917311909678e-01 1.067813427253701026e+06
2.463910118226677326e-01 1.074742091546104057e+06
2.473290898880862176e-01 1.081697135161143495e+06
2.482707394736274609e-01 1.088678658532123780e+06
2.492159741770470227e-01 1.095686762474730145e+06
2.501648076478703020e-01 1.102721548188477056e+06
2.511172535875906831e-01 1.109783117258176208e+06
2.520733257498665170e-01 1.116871571655398468e+06
2.530330379407204067e-01 1.123987013739950489e+06
2.539964040187379646e-01 1.131129546261348529e+06
2.549634378952684299e-01 1.138299272360305535e+06
2.559341535346252861e-01 1.145496295570219168e+06
2.569085649542880434e-01 1.152720719818667741e+06
2.578866862251044667e-01 1.159972649428908713e+06
2.588685314714941343e-01 1.167252189121389529e+06
2.598541148716518312e-01 1.174559444015253335e+06
2.608434506577529399e-01 1.181894519629864255e+06
2.618365531161583881e-01 1.189257521886324976e+06
2.628334365876212608e-01 1.196648557109010173e+06
2.638341154674939126e-01 1.204067732027099933e+06
2.648386042059356349e-01 1.211515153776121791e+06
2.658469173081215442e-01 1.218990929899498122e+06
2.668590693344516374e-01 1.226495168350096792e+06
2.678750749007619003e-01 1.234027977491794620e+06
2.688949486785341403e-01 1.241589466101036174e+06
2.699187053951090931e-01 1.249179743368410040e+06
2.709463598338980872e-01 1.256798918900222518e+06
2.719779268345973722e-01 1.264447102720082039e+06
2.730134212934014482e-01 1.272124405270484509e+06
2.740528581632192817e-01 1.279830937414414482e+06
2.750962524538890785e-01 1.287566810436937725e+06
2.761436192323962202e-01 1.295332136046817293e+06
2.771949736230897021e-01 1.303127026378118666e+06
2.782503308079012916e-01 1.310951593991833739e+06
2.793097060265646303e-01 1.318805951877505286e+06
2.803731145768350030e-01 1.326690213454857934e+06
2.814405718147104940e-01 1.334604492575435666e+06
2.825120931546537539e-01 1.342548903524247697e+06
2.835876940698144888e-01 1.350523561021416448e+06
2.846673900922527811e-01 1.358528580223835539e+06
2.857511968131637436e-01 1.366564076726832660e+06
2.868391298831022285e-01 1.374630166565837804e+06
2.879312050122093125e-01 1.382757800307781436e+06
2.890274379704384500e-01 1.391370758999216836e+06
2.901278445877841783e-01 1.400016509583373321e+06
2.912324407545096028e-01 1.408695176907964982e+06
2.923412424213769345e-01 1.417406886296041077e+06
2.934542655998766958e-01 1.426151763547783718e+06
2.945715263624603120e-01 1.434929934942337684e+06
2.956930408427706491e-01 1.443741527239620686e+06
2.968188252358763823e-01 1.452586667682165047e+06
2.979488957985048092e-01 1.461465483996946132e+06
2.990832688492774394e-01 1.470378104397235438e+06
3.002219607689448622e-01 1.479324657584442524e+06
3.013649880006238901e-01 1.488305272749982541e+06
3.025123670500347584e-01 1.497320079577135621e+06
3.036641144857394892e-01 1.506369208242922556e+06
3.048202469393810898e-01 1.515452789419982350e+06
3.059807811059239713e-01 1.524570954278463032e+06
3.071457337438945334e-01 1.533723834487910150e+06
3.083151216756238600e-01 1.542911562219174579e+06
3.094889617874899135e-01 1.552134270146314986e+06
3.106672710301620066e-01 1.561392091448518448e+06
3.118500664188450511e-01 1.570685159812020371e+06
3.130373650335255831e-01 1.580013609432036756e+06
3.142291840192185659e-01 1.589377575014702976e+06
3.154255405862141926e-01 1.598777191779013956e+06
3.166264520103275193e-01 1.608212595458784373e+06
3.178319356331470447e-01 1.617683922304602806e+06
3.190420088622854533e-01 1.627191309085800545e+06
3.202566891716310815e-01 1.636734893092428334e+06
3.214759941016001044e-01 1.646314812137237750e+06
3.226999412593898886e-01 1.655931204557670280e+06
3.239285483192331783e-01 1.665584209217857104e+06
3.251618330226532794e-01 1.675273965510621434e+06
3.263998131787205770e-01 1.685000613359495299e+06
3.276425066643092743e-01 1.694764293220737018e+06
3.288899314243557415e-01 1.704565146085360087e+06
3.301421054721177528e-01 1.714403313481169520e+06
3.313990468894343344e-01 1.724278937474805396e+06
3.326607738269871106e-01 1.734192160673794337e+06
3.339273045045623722e-01 1.744143126228609588e+06
3.351986572113140883e-01 1.754429472149927635e+06
3.364748503060279172e-01 1.765401195481697563e+06
3.377559022173866055e-01 1.776414691169208381e+06
3.390418314442359415e-01 1.787470118251260836e+06
3.403326565558517647e-01 1.798567636372157140e+06
3.416283961922083612e-01 1.809707405784011353e+06
3.429290690642473605e-01 1.820889587349059060e+06
3.442346939541482409e-01 1.832114342541984515e+06
3.455452897155992242e-01 1.843381833452248946e+06
3.468608752740698353e-01 1.854692222786433529e+06
3.481814696270840170e-01 1.866045673870587721e+06
3.495070918444942443e-01 1.877442350652586436e+06
3.508377610687575254e-01 1.888882417704501655e+06
3.521734965152111818e-01 1.900366040224974276e+06
3.535143174723506254e-01 1.911893384041602258e+06
3.548602433021080249e-01 1.923464615613335511e+06
3.562112934401314712e-01 1.935079902032877551e+06
3.575674873960660860e-01 1.946739411029099952e+06
3.589288447538354632e-01 1.958443310969464248e+06
3.602953851719246092e-01 1.970191770862453384e+06
3.616671283836636608e-01 1.981984960360010387e+06
3.630440941975131008e-01 1.993823049759991933e+06
3.644263024973495302e-01 2.005706210008623078e+06
3.658137732427529931e-01 2.017634612702969695e+06
3.672065264692950248e-01 2.029608430093413685e+06
3.686045822888281975e-01 2.041627835086141713e+06
3.700079608897762773e-01 2.053693001245641150e+06
3.714166825374259351e-01 2.065804102797207655e+06
3.728307675742194016e-01 2.077961314629459754e+06
3.742502364200481213e-01 2.090164812296865275e+06
3.756751095725476275e-01 2.102414772022275720e+06
3.771054076073936390e-01 2.114711370699470863e+06
3.785411511785989891e-01 2.127054785895715002e+06
3.799823610188121648e-01 2.139445195854318328e+06
3.814290579396162340e-01 2.151882779497210868e+06
3.828812628318299938e-01 2.167503981685846113e+06
3.843389966658090628e-01 2.183665121144242119e+06
3.858022804917491944e-01 2.199887790486890357e+06
3.872711354399896999e-01 2.216172223974911496e+06
3.887455827213191495e-01 2.232518656761323567e+06
3.902256436272812934e-01 2.248927324894437101e+06
3.917113395304824830e-01 2.265398465321261436e+06
3.932026918849007013e-01 2.281932315890930127e+06
3.946997222261948712e-01 2.298529115358131006e+06
3.962024521720162173e-01 2.315189103386559524e+06
3.977109034223201833e-01 2.331912520552373957e+06
3.992250977596799588e-01 2.348699608347673435e+06
4.007450570496008946e-01 2.365550609183981549e+06
4.022708032408363610e-01 2.382465766395751853e+06
4.038023583657046611e-01 2.399445324243877549e+06
4.053397445404070543e-01 2.416489527919218875e+06
4.068829839653472780e-01 2.433598623546145391e+06
4.084320989254522360e-01 2.450772858186090365e+06
4.099871117904935192e-01 2.468012479841117747e+06
4.115480450154104797e-01 2.485317737457501702e+06
4.131149211406349164e-01 2.502688880929326173e+06
4.146877627924156484e-01 2.520126161102084443e+06
4.162665926831463636e-01 2.537629829776313622e+06
4.178514336116927463e-01 2.555200139711219817e+06
4.194423084637222132e-01 2.572837344628336839e+06
4.210392402120340383e-01 2.590541699215182103e+06
4.226422519168912539e-01 2.608313459128940012e+06
4.242513667263537180e-01 2.626152881000152789e+06
4.258666078766121244e-01 2.644060222436423413e+06
4.274879986923239006e-01 2.655582861887061968e+06
4.291155625869497170e-01 2.664620566846135538e+06
4.307493230630916603e-01 2.673692680823300499e+06
4.323893037128328509e-01 2.682799334823115729e+06
4.340355282180777263e-01 2.691940660348907113e+06
4.356880203508943783e-01 2.701116789404669777e+06
4.373468039738575008e-01 2.710327854496973101e+06
4.390119030403932809e-01 2.719573988636878319e+06
4.406833415951251220e-01 2.728855325341855641e+06
4.423611437742208663e-01 2.738171998637709767e+06
4.440453338057414601e-01 2.747524143060521223e+06
4.457359360099905632e-01 2.756911893658585381e+06
4.474329747998660456e-01 2.766335385994364042e+06
4.491364746812123165e-01 2.775794756146441679e+06
4.508464602531739862e-01 2.785290140711490531e+06
4.525629562085517477e-01 2.794821676806245465e+06
4.542859873341583699e-01 2.804389502069481183e+06
4.560155785111768001e-01 2.813993754664001521e+06
4.577517547155194877e-01 2.823634573278633878e+06
4.594945410181890399e-01 2.833312097130231559e+06
4.612439625856400993e-01 2.843026465965684503e+06
4.630000446801431635e-01 2.852777820063937921e+06
4.647628126601487941e-01 2.862566300238016993e+06
4.665322919806544344e-01 2.872392047837060411e+06
4.683085081935713934e-01 2.882255204748362768e+06
4.700914869480942726e-01 2.892155913399422076e+06
4.718812539910711701e-01 2.902094316759995185e+06
4.736778351673754384e-01 2.912070558344166260e+06
4.754812564202789971e-01 2.922084782212416641e+06
4.772915437918268111e-01 2.932137132973703090e+06
4.791087234232130898e-01 2.942227755787550006e+06
4.809328215551588181e-01 2.952356796366145369e+06
4.827638645282904539e-01 2.962524400976439938e+06
4.846018787835205122e-01 2.972730716442265548e+06
4.864468908624293153e-01 2.983841697143760975e+06
4.882989274076483532e-01 2.997333704015801195e+06
4.901580151632444760e-01 3.010877078653292265e+06
4.920241809751069728e-01 3.024472016627389472e+06
4.938974517913347073e-01 3.038118714253837708e+06
4.957778546626251392e-01 3.051817368595808744e+06
4.976654167426654007e-01 3.065568177466748748e+06
4.995601652885239830e-01 3.079371339433236048e+06
5.014621276610444767e-01 3.093227053817841690e+06
5.033713313252408117e-01 3.107135520702016074e+06
5.052878038506937175e-01 3.121096940928973258e+06
5.072115729119488492e-01 3.135111516106593423e+06
5.091426662889163568e-01 3.149179448610329535e+06
5.110811118672722309e-01 3.163300941586138681e+06
5.130269376388609803e-01 3.177476198953407351e+06
5.149801717020993097e-01 3.191705425407897215e+06
5.169408422623827937e-01 3.205988826424706727e+06
5.189089776324923298e-01 3.220326608261231333e+06
5.208846062330034776e-01 3.234718977960146964e+06
5.228677565926966864e-01 3.249166143352395389e+06
5.248584573489692984e-01 3.263668313060190529e+06
5.268567372482489963e-01 3.278225696500024758e+06
5.288626251464090267e-01 3.292838503885699436e+06
5.308761500091849772e-01 3.307506946231356822e+06
5.328973409125928873e-01 3.322231235354527365e+06
5.349262270433486899e-01 3.337011583879186306e+06
5.369628376992908736e-01 3.351848205238831695e+06
5.390072022898022563e-01 3.366741313679557294e+06
5.410593503362355339e-01 3.381691124263152014e+06
5.431193114723392723e-01 3.396697852870204952e+06
5.451871154446856771e-01 3.411761716203219257e+06
5.472627921131004713e-01 3.426882931789746974e+06
5.493463714510936624e-01 3.442061717985522933e+06
5.514378835462928619e-01 3.457298293977626134e+06
5.535373586008773827e-01 3.472592879787637386e+06
5.556448269320146682e-01 3.487945696274823509e+06
5.577603189722977195e-01 3.503356965139320120e+06
5.598838652701848551e-01 3.518826908925336320e+06
5.620154964904408024e-01 3.534355751024370547e+06
5.641552434145793438e-01 3.549943715678431094e+06
5.663031369413079608e-01 3.562818876858039293e+06
5.684592080869739217e-01 3.573205310210999567e+06
5.706234879860122566e-01 3.583631287560448050e+06
5.727960078913953978e-01 3.594096959461210761e+06
5.749767991750842633e-01 3.604602477041315753e+06
5.771658933284815607e-01 3.615147992004177999e+06
5.793633219628864239e-01 3.625733656630789395e+06
5.815691168099504926e-01 3.636359623781914357e+06
5.837833097221368783e-01 3.647026046900302172e+06
5.860059326731796858e-01 3.657733080012901686e+06
5.882370177585456439e-01 3.668480877733082976e+06
5.904765971958978454e-01 3.679269595262872055e+06
5.927247033255607089e-01 3.690099388395191636e+06
5.949813686109873823e-01 3.700970413516110741e+06
5.972466256392279238e-01 3.711882827607102226e+06
5.995205071214005921e-01 3.722836788247311488e+06
6.018030458931634685e-01 3.733832453615831211e+06
6.040942749151891888e-01 3.744869982493983582e+06
6.063942272736406736e-01 3.755949534267615527e+06
6.087029361806488570e-01 3.767071268929400016e+06
6.110204349747925257e-01 3.778235347081145737e+06
6.133467571215792669e-01 3.789441929936116096e+06
6.156819362139294149e-01 3.800691179321358446e+06
6.180260059726603306e-01 3.811983257680037525e+06
6.203790002469741216e-01 3.823318328073788434e+06
6.227409530149459194e-01 3.834696554185061250e+06
6.251118983840144860e-01 3.846118100319493096e+06
6.274918705914753758e-01 3.857583131408276968e+06
6.298809040049748731e-01 3.869091813010545913e+06
6.322790331230055960e-01 3.880644311315756757e+06
6.346862925754062079e-01 3.892240793146099895e+06
6.371027171238603515e-01 3.903881425958902575e+06
6.395283416623986916e-01 3.915566377849045675e+06
6.419632012179035119e-01 3.927295817551397718e+06
6.444073309506136438e-01 3.939069914443242829e+06
6.468607661546327270e-01 3.950888838546733372e+06
6.493235422584386907e-01 3.962752760531340260e+06
6.517956948253952332e-01 3.974661851716321893e+06
6.542772595542658554e-01 3.986616284073195886e+06
6.567682722797286710e-01 3.998616230228221510e+06
6.592687689728945477e-01 3.927467259050967172e+06
6.617787857418260256e-01 3.831783747084986884e+06
6.642983588320588995e-01 3.735735941782439128e+06
6.668275246271259116e-01 3.639322456178809050e+06
6.693663196490814427e-01 3.542541898029046133e+06
6.719147805590296452e-01 3.445392869787426200e+06
6.744729441576535756e-01 3.347873968587387819e+06
6.770408473857464360e-01 3.249983786221275106e+06
6.796185273247450365e-01 3.151720909120004624e+06
6.822060211972658106e-01 3.053083918332632631e+06
6.848033663676413862e-01 2.971415908052159939e+06
6.874106003424608202e-01 2.971321906502500642e+06
6.900277607711110539e-01 2.971227547063195612e+06
6.926548854463205895e-01 2.971132828371662181e+06
6.952920123047051648e-01 2.971037749060126953e+06
6.979391794273156480e-01 2.970942307755612303e+06
7.005964250401877091e-01 2.970846503079910763e+06
7.032637875148943785e-01 2.970750333649568725e+06
7.059413053690992701e-01 2.970653798075866885e+06
7.086290172671136922e-01 2.970556894964795560e+06
7.113269620204545340e-01 2.970459622917039786e+06
7.140351785884045954e-01 2.970361980527956039e+06
7.167537060785753589e-01 2.970263966387554538e+06
7.194825837474718710e-01 2.970165579080475494e+06
7.222218510010591785e-01 2.970066817185971420e+06
7.249715473953318723e-01 2.969967679277885705e+06
7.277317126368849642e-01 2.969868163924630731e+06
7.305023865834873176e-01 2.969768269689170178e+06
7.332836092446571863e-01 2.969667995128995273e+06
7.360754207822401973e-01 2.925339038215532433e+06
7.388778615109889980e-01 2.854366522385722958e+06
7.416909718991454570e-01 2.783123794749669731e+06
7.445147925690253077e-01 2.711609826537015382e+06
7.473493642976046791e-01 2.639823585060590412e+06
7.501947280171082921e-01 2.567764033701516688e+06
7.530509248156014301e-01 2.495430131894213147e+06
7.559179959375830204e-01 2.422820835111377295e+06
7.587959827845807137e-01 2.349935094848916866e+06
7.616849269157495161e-01 2.276771858610784635e+06
7.645848700484713101e-01 2.205544600463231560e+06
7.674958540589573719e-01 2.215474046751152258e+06
7.704179209828534436e-01 2.225441297160641756e+06
7.733511130158462477e-01 2.235446495622345712e+06
7.762954725142732215e-01 2.245489786614891142e+06
7.792510419957338064e-01 2.255571315166977234e+06
7.822178641397037335e-01 2.265691226859464776e+06
7.851959817881511983e-01 2.275849667827483267e+06
7.881854379461553650e-01 2.286046784762535710e+06
7.911862757825276482e-01 2.296282724914622959e+06
7.941985386304348804e-01 2.306557636094365269e+06
7.972222699880251451e-01 2.316871666675137822e+06
8.002575135190558298e-01 2.327224965595215093e+06
8.033043130535242327e-01 2.337617682359919883e+06
8.063627125883007229e-01 2.348049967043783050e+06
8.094327562877632332e-01 2.358521970292708836e+06
8.125144884844364146e-01 2.369033843326155562e+06
8.156079536796299045e-01 2.379585737939309329e+06
8.187131965440828107e-01 2.390177806505287997e+06
8.218302619186077518e-01 2.400810201977330726e+06
8.249591948147387832e-01 2.411483077891016379e+06
8.281000404153807670e-01 2.422196588366471697e+06
8.312528440754626269e-01 2.432950888110603672e+06
8.344176513225918246e-01 2.443746132419329602e+06
8.375945078577119451e-01 2.454582477179821115e+06
8.407834595557623913e-01 2.465460078872754704e+06
8.439845524663411869e-01 2.476379094574571587e+06
8.471978328143698889e-01 2.489074564499966800e+06
8.504233470007606099e-01 2.503373125253544189e+06
8.536611416030869259e-01 2.517726124544106890e+06
8.569112633762555609e-01 2.532133769634075463e+06
8.601737592531822907e-01 2.546596268574974965e+06
8.634486763454692904e-01 2.561113830210439861e+06
8.667360619440852565e-01 2.575686664179229178e+06
8.700359635200489716e-01 2.590314980918254238e+06
8.733484287251139788e-01 2.604998991665617097e+06
8.766735053924573640e-01 2.619738908463662025e+06
8.800112415373700925e-01 2.634534944162035361e+06
8.833616853579508987e-01 2.649387312420761678e+06
8.867248852358009525e-01 2.664296227713325527e+06
8.901008897367242989e-01 2.679261905329773668e+06
8.934897476114279646e-01 2.694284561379818711e+06
8.968915077962263949e-01 2.709364412795964163e+06
9.003062194137477769e-01 2.724501677336632740e+06
9.037339317736436950e-01 2.739696573589314707e+06
9.071746943733012269e-01 2.754949320973721799e+06
9.106285568985573731e-01 2.770260139744956978e+06
9.140955692244169262e-01 2.785629250996697228e+06
9.175757814157721182e-01 2.801056876664379146e+06
9.210692437281263745e-01 2.816543239528411068e+06
9.245760066083192896e-01 2.832088563217387069e+06
9.280961206952554887e-01 2.847693072211316321e+06
9.316296368206357092e-01 2.863356991844864562e+06
9.351766060096911026e-01 2.879080548310609534e+06
9.387370794819196451e-01 2.894863968662303872e+06
9.423111086518258794e-01 2.910707480818158016e+06
9.458987451296638760e-01 2.926611313564130105e+06
9.495000407221816374e-01 2.942575696557226125e+06
9.531150474333697220e-01 2.958600860328820068e+06
9.567438174652124205e-01 2.964996488353508059e+06
9.603864032184412647e-01 2.967815319189763628e+06
9.640428572932908668e-01 2.970644882087054197e+06
9.677132324902604221e-01 2.973485217905277852e+06
9.713975818108746552e-01 2.976336367659892421e+06
9.750959584584494300e-01 2.979198372522517573e+06
9.788084158388605793e-01 2.982071273821522482e+06
9.825350075613145107e-01 2.984955113042624202e+06
9.862757874391225865e-01 2.987849931829487905e+06
9.900308094904781697e-01 2.990755771984328050e+06
9.938001279392367771e-01 2.993672675468510482e+06
9.975837972156987865e-01 2.996600684403160587e+06
1.001381871957395919e+00 2.999539841069770046e+06
1.005194407009879720e+00 3.002490187910807319e+06
1.009021457427514035e+00 3.005451767530331388e+06
1.012863078474269374e+00 3.008424622694606893e+06
1.016719325624521497e+00 3.011408796332719736e+06
1.020590254563852550e+00 3.014404331537201535e+06
1.024475921189854200e+00 3.017411271564645693e+06
1.028376381612936763e+00 3.020429659836337902e+06
1.032291692157136787e+00 3.023459539938878268e+06
1.036221909360933724e+00 3.026500955624816939e+06
1.040167089978061954e+00 3.029553950813275762e+06
1.044127290978335898e+00 3.032618569590595085e+06
1.048102569548466700e+00 3.035694856210960075e+06
1.052092983092893341e+00 3.038782855097045656e+06
1.056098589234607532e+00 3.041882610840654466e+06
1.060119445815988826e+00 3.044994168203363661e+06
1.064155610899637283e+00 3.048117572117168922e+06
1.068207142769214801e+00 3.051292461223440245e+06
1.072274099930282887e+00 3.054508057526580524e+06
1.076356541111152421e+00 3.057735896485558711e+06
1.080454525263726318e+00 3.060976024711517617e+06
1.084568111564356174e+00 3.064228488993064035e+06
1.088697359414691812e+00 3.067493336296939291e+06
1.092842328442543254e+00 3.070770613768701442e+06
1.097003078502738926e+00 3.074060368733403273e+06
1.101179669677990303e+00 3.077362648696277756e+06
1.105372162279762538e+00 3.080677501343425363e+06
1.109580616849140444e+00 3.084004974542496260e+06
1.113805094157707343e+00 3.087345116343389731e+06
1.118045655208418809e+00 3.090697974978941958e+06
1.122302361236487300e+00 3.094063598865625914e+06
1.126575273710262559e+00 3.097442036604247987e+06
1.130864454332123348e+00 3.100833336980653461e+06
1.135169965039363627e+00 3.104237548966426402e+06
1.139491868005092501e+00 3.107654721719600726e+06
1.143830225639126397e+00 3.111084904585366137e+06
1.148185100588895224e+00 3.114528147096786182e+06
1.152556555740342992e+00 3.117984498975507915e+06
1.156944654218839741e+00 3.121454010132484138e+06
1.161349459390088601e+00 3.124936730668689124e+06
1.165771034861045941e+00 3.128432710875849705e+06
1.170209444480834637e+00 3.131942001237164252e+06
1.174664752341671337e+00 3.135464652428035159e+06
1.179137022779786603e+00 3.119078176699436270e+06
1.183626320376359287e+00 2.879845070766109042e+06
1.188132709958444222e+00 2.639701138875557110e+06
1.192656256599911258e+00 2.398642913263912778e+06
1.197197025622385835e+00 2.156666912964497693e+06
1.201755082596188018e+00 1.913769643757786136e+06
1.206330493341284615e+00 1.669947598120661452e+06
1.210923323928234874e+00 1.425197255176024511e+06
1.215533640679149041e+00 1.211664959736987716e+06
1.220161510168641383e+00 1.207979869629687630e+06
1.224806999224796078e+00 1.204280749375048792e+06
1.229470174930128223e+00 1.200567545556458179e+06
1.234151104622556616e+00 1.196840204553929856e+06
1.238849855896371421e+00 1.193098672543333145e+06
1.243566496603215388e+00 1.189342895495613338e+06
1.248301094853058402e+00 1.185572819176012650e+06
1.253053719015186251e+00 1.181788389143286273e+06
1.257824437719182953e+00 1.177989550748917973e+06
1.262613319855926397e+00 1.174176249136327300e+06
1.267420434578578448e+00 1.170348429240082856e+06
1.272245851303589026e+00 1.166506035785100656e+06
1.277089639711691982e+00 1.162649013285852736e+06
1.281951869748918282e+00 1.158777306045559701e+06
1.286832611627599432e+00 1.154890858155390713e+06
1.291731935827387545e+00 1.150989613493654411e+06
1.296649913096267648e+00 1.147073515724988654e+06
1.301586614451581969e+00 1.143142508299548412e+06
1.306542111181057342e+00 1.141480326844775118e+06
1.311516474843829494e+00 1.141444713739018654e+06
1.316509777271482440e+00 1.141408965044414857e+06
1.321522090569079655e+00 1.141373080244739307e+06
1.326553487116211238e+00 1.141337058821803192e+06
1.331604039568033748e+00 1.141300900255444227e+06
1.336673820856323802e+00 1.141264604023519438e+06
1.341762904190527461e+00 1.141228169601898640e+06
1.346871363058820936e+00 1.141191596464456059e+06
1.351999271229168409e+00 1.141154884083062178e+06
1.357146702750390732e+00 1.141118031927577453e+06
1.362313731953230800e+00 1.141081039465843234e+06
1.367500433451431130e+00 1.141043906163675478e+06
1.372706882142807006e+00 1.141006631484856131e+06
1.377933153210332717e+00 1.140969214891125448e+06
1.383179322123221811e+00 1.140931655842174077e+06
1.388445464638022875e+00 1.140893953795636771e+06
1.393731656799707563e+00 1.140856108207082143e+06
1.399037974942774376e+00 1.140818118530006614e+06
1.404364495692344894e+00 1.140779984215825330e+06
1.409711295965277333e+00 1.140741704713865649e+06
1.415078452971270107e+00 1.140703279471357353e+06
1.420466044213981149e+00 1.140664707933427067e+06
1.425874147492147692e+00 1.140625989543087315e+06
1.431302840900704920e+00 1.140587123741231160e+06
1.436752202831920622e+00 1.140548109966622666e+06
1.442222311976519400e+00 1.139847308979339432e+06
1.447713247324826868e+00 1.131996978001301875e+06
1.453225088167902967e+00 1.124116758663124638e+06
1.458757914098693487e+00 1.116206537171632750e+06
1.464311805013173373e+00 1.108266199300413253e+06
1.469886841111506692e+00 1.100295630388157908e+06
1.475483102899198151e+00 1.092294715337015688e+06
1.481100671188261941e+00 1.084263338610922452e+06
1.486739627098382810e+00 1.076201384233941091e+06
1.492400052058093785e+00 1.068108735788576771e+06
1.498082027805945016e+00 1.059985276414107066e+06
1.503785636391691050e+00 1.051830888804884162e+06
1.509510960177469219e+00 1.043645455208649277e+06
1.515258081838994908e+00 1.035428857424824964e+06
1.521027084366749937e+00 1.027180976802815334e+06
1.526818051067186266e+00 1.018901694240285899e+06
1.532631065563924366e+00 1.009704158184746513e+06
1.538466211798962702e+00 9.965752538091661409e+05
1.544323574033891866e+00 9.833963640987840481e+05
1.550203236851106725e+00 9.701672987457436975e+05
1.556105285155033657e+00 9.568878667176269228e+05
1.562029804173349579e+00 9.435578762547114165e+05
1.567976879458220729e+00 9.301771348671840969e+05
1.573946596887529914e+00 9.167454493323791539e+05
1.579939042666123949e+00 9.032626256919711595e+05
1.585954303327052228e+00 8.897284692491894821e+05
1.591992465732821938e+00 8.761427845659923041e+05
1.598053617076646393e+00 8.625053754602599656e+05
1.604137844883711139e+00 8.488160450029443018e+05
1.610245237012430275e+00 8.350745955152435927e+05
1.616375881655722546e+00 8.212808285657302476e+05
1.622529867342277665e+00 8.074345449675022392e+05
1.628707282937841727e+00 7.967108057879501721e+05
1.634908217646493966e+00 7.938700334886291530e+05
1.641132761011941277e+00 7.910184455911123659e+05
1.647381002918804294e+00 7.881560009174561128e+05
1.653653033593922794e+00 7.852826581329390174e+05
1.659948943607651328e+00 7.823983757454688894e+05
1.666268823875173499e+00 7.795031121049807407e+05
1.672612765657810474e+00 7.765968254028366646e+05
1.678980860564338817e+00 7.736794736712225713e+05
1.685373200552318762e+00 7.707510147825396853e+05
1.691789877929414043e+00 7.678114064487997675e+05
1.698230985354732159e+00 7.648606062210109085e+05
1.704696615840155971e+00 7.618985714885684429e+05
1.711186862751693960e+00 7.589252594786348054e+05
1.717701819810820707e+00 7.559406272555267205e+05
1.724241581095837361e+00 7.529446317200914491e+05
1.730806241043223670e+00 7.506153943750419421e+05
1.737395894449008882e+00 7.493523164867295418e+05
1.744010636470132436e+00 7.480844297149550403e+05
1.750650562625826190e+00 7.468117157509822864e+05
1.757315768798986433e+00 7.455341562163681956e+05
1.764006351237564996e+00 7.442517326626981376e+05
1.770722406555953032e+00 7.429644265713198110e+05
1.777464031736382566e+00 7.416722193530745571e+05
1.784231324130319596e+00 7.403750923480300698e+05
1.791024381459877857e+00 7.390730268252105452e+05
1.797843301819222139e+00 7.377660039823261322e+05
1.804688183675992263e+00 7.364540049455016851e+05
1.811559125872718168e+00 7.351370107690038858e+05
1.818456227628251209e+00 7.338150024349681335e+05
1.825379588539198128e+00 7.324879608531231061e+05
1.832329308581353899e+00 7.311558668605159037e+05
1.839305488111152354e+00 7.298187012212352129e+05
1.846308227867107910e+00 7.278970572840438690e+05
1.853337628971277962e+00 7.229901389326084172e+05
1.860393792930715273e+00 7.180645385990664363e+05
1.867476821638942130e+00 7.131201851559935603e+05
1.874586817377413173e+00 7.081570072051672032e+05
1.881723882816999982e+00 7.031749330765292980e+05
1.888888121019467237e+00 6.981738908271564869e+05
1.896079635438967292e+00 6.931538082402169239e+05
1.903298529923527216e+00 6.881146128239318496e+05
1.910544908716555357e+00 6.830562318105238955e+05
1.917818876458339927e+00 6.779785921551714418e+05
1.925120538187566899e+00 6.728816205349486554e+05
1.932449999342829905e+00 6.677652433477713494e+05
1.939807365764159464e+00 6.626293867113303859e+05
1.947192743694544204e+00 6.574739764620286878e+05
1.954606239781473631e+00 6.522989381539047463e+05
1.962047961078468683e+00 6.471041970575640444e+05
1.969518015046636483e+00 6.418896781590948813e+05
1.977016509556215107e+00 6.366553061589875724e+05
1.984543552888134554e+00 6.314010054710479453e+05
1.992099253735582387e+00 6.265124131468068808e+05
1.999683721205567144e+00 6.225553708543989342e+05
2.007297064820501742e+00 6.185832630181992427e+05
2.014939394519776439e+00 6.145960322795569664e+05
2.022610820661356001e+00 6.105936210614397423e+05
2.030311454023363105e+00 6.065759715676050400e+05
2.038041405805687045e+00 6.025430257817632519e+05
2.045800787631582018e+00 5.984947254667420639e+05
2.053589711549287156e+00 5.944310121636420954e+05
2.061408290033634128e+00 5.903518271909978939e+05
2.069256635987682724e+00 5.862571116439244943e+05
2.077134862744340893e+00 5.821468063932729419e+05
2.085043084068010533e+00 5.780208520847702166e+05
2.092981414156220854e+00 5.738791891381684691e+05
2.100949967641287053e+00 5.697217577463788912e+05
2.108948859591956992e+00 5.655484978746129200e+05
2.116978205515080536e+00 5.613593492595111020e+05
2.125038121357269105e+00 5.571542514082769630e+05
2.133128723506580116e+00 5.529331435977988876e+05
2.141250128794187191e+00 5.486959648737782845e+05
2.149402454496076142e+00 5.444426540498445975e+05
2.157585818334731620e+00 5.401731497066760203e+05
2.165800338480841081e+00 5.358873901911096182e+05
2.174046133555001870e+00 5.315853136152510997e+05
2.182323322629428741e+00 5.272668578555841232e+05
2.190632025229681368e+00 5.229319605520684854e+05
2.198972361336381631e+00 5.185805591072448296e+05
2.207344451386954454e+00 5.142125906853260240e+05
2.215748416277359301e+00 5.098279922112937784e+05
2.224184377363843890e+00 5.054267003699836205e+05
2.232652456464687685e+00 5.010086516051754588e+05
2.241152775861969815e+00 4.965737821186711662e+05
2.249685458303327223e+00 4.794428702098331414e+05
2.258250627003735023e+00 4.490628005202967324e+05
2.266848405647276632e+00 4.185670655847353628e+05
2.275478918388938787e+00 3.879552250338719459e+05
2.284142289856396779e+00 3.572268368218353717e+05
2.292838645151821453e+00 3.263814572197508533e+05
2.301568109853676880e+00 2.954186408093642094e+05
2.310330810018544678e+00 2.643379404765707441e+05
2.319126872182932786e+00 2.331389074049999472e+05
2.327956423365113103e+00 2.018210910694973427e+05
2.336819591066947144e+00 1.703840392296489154e+05
2.345716503275731668e+00 1.388272979232350481e+05
2.354647288466048760e+00 1.071504114596682484e+05
2.363612075601614571e+00 8.303860581500527041e+04
2.372610994137148932e+00 8.303595110648642003e+04
2.381644174020238314e+00 8.303328629076514335e+04
2.390711745693218315e+00 8.303061132936054491e+04
2.399813840095050832e+00 8.302792618364524969e+04
2.408950588663221204e+00 8.302523081484479189e+04
2.418122123335630924e+00 8.302252518403707654e+04
2.427328576552507666e+00 8.301980925215185562e+04
2.436570081258312204e+00 8.301708297997007321e+04
2.445846770903665313e+00 8.301434632812339987e+04
2.455158779447265793e+00 8.301159925709362142e+04
2.464506241357835581e+00 8.300884172721202776e+04
2.473889291616050201e+00 8.300607369865893270e+04
2.483308065716498980e+00 8.300329513146300451e+04
2.492762699669631044e+00 8.251976215968787437e+04
2.502253330003729737e+00 8.203052467995081679e+04
2.511780093766873723e+00 8.153942453913242207e+04
2.521343128528926503e+00 8.104645464557170635e+04
2.530942572383512612e+00 8.055160788060797495e+04
2.540578563950021351e+00 8.005487709847767837e+04
2.550251242375601191e+00 7.955625512621145754e+04
2.559960747337171494e+00 7.905573476353057777e+04
2.569707219043443569e+00 7.855330878274263523e+04
2.579490798236936389e+00 7.804896992863774358e+04
2.589311626196019844e+00 7.754271091838310531e+04
2.599169844736943791e+00 7.703452444141849992e+04
2.609065596215896843e+00 7.652440315935011313e+04
2.618999023531051407e+00 7.601233970584515191e+04
2.628970270124637132e+00 7.549832668652485881e+04
2.638979479985002818e+00 7.498235667885835574e+04
2.649026797648705411e+00 7.446442223205488699e+04
2.659112368202587007e+00 7.394451586695673177e+04
2.669236337285879390e+00 7.348733423657086678e+04
2.679398851092299250e+00 7.310993125082380720e+04
2.689600056372166037e+00 7.273109138854405319e+04
2.699840100434514500e+00 7.235080917914913152e+04
2.710119131149229421e+00 7.196907913122847094e+04
2.720437296949171913e+00 7.158589573246434156e+04
2.730794746832331921e+00 7.120125344955195033e+04
2.741191630363971399e+00 7.081514672811987111e+04
2.751628097678793683e+00 7.042756999264942715e+04
2.762104299483099545e+00 7.003851764639471367e+04
2.772620387056975666e+00 6.964798407130120904e+04
2.783176512256470669e+00 6.925596362792502623e+04
2.793772827515788926e+00 6.886245065535150934e+04
2.804409485849498562e+00 6.846743947111308808e+04
2.815086640854731037e+00 6.807092437110768515e+04
2.825804446713408247e+00 6.767289962951601774e+04
2.836563058194461195e+00 6.727335949871916091e+04
2.847362630656072646e+00 6.687229820921528153e+04
2.858203320047911333e+00 6.646970996953664871e+04
2.869085282913395041e+00 6.606558896616565471e+04
2.880008676391939471e+00 6.565992936345118505e+04
2.890973658221239084e+00 6.513126072901290172e+04
2.901980386739531959e+00 6.422358745195277152e+04
2.913029020887900611e+00 6.331245841412641312e+04
2.924119720212553286e+00 6.239786045850632217e+04
2.935252644867139438e+00 6.147978037797218713e+04
2.946427955615053218e+00 6.055820491512090666e+04
2.957645813831762727e+00 5.963312076207451173e+04
2.968906381507132597e+00 5.870451456028862594e+04
2.980209821247772783e+00 5.777237290035878686e+04
2.991556296279374472e+00 5.683668232182782231e+04
3.002945970449079738e+00 5.589742931299038173e+04
3.014379008227838774e+00 5.495460031069860997e+04
3.025855574712785323e+00 5.400818170016622753e+04
3.037375835629629428e+00 5.305815981477122841e+04
3.048939957335037310e+00 5.244576310068160092e+04
3.060548106819047209e+00 5.183285824294887425e+04
3.072200451707467916e+00 5.121761988855586969e+04
3.083897160264311488e+00 5.060003915324155241e+04
3.095638401394211758e+00 4.998010711892032123e+04
3.107424344644873493e+00 4.935781483355275122e+04
3.119255160209510880e+00 4.873315331101682386e+04
3.131131018929316667e+00 4.810611353097754181e+04
3.143052092295915756e+00 4.747668643875742418e+04
3.155018552453856095e+00 4.684486294520492811e+04
3.167030572203079153e+00 4.621063392656404176e+04
3.179088325001431237e+00 4.557399022434169456e+04
3.191191984967151729e+00 4.493492264517638978e+04
3.203341726881404838e+00 4.429342196070447244e+04
3.215537726190785150e+00 4.364947890742789605e+04
3.227780159009869809e+00 4.295696055085973785e+04
3.240069202123743608e+00 4.182408115076425747e+04
3.252405032990568490e+00 4.068688856851098535e+04
3.264787829744131287e+00 3.954536638263441273e+04
3.277217771196429208e+00 3.839949810914747650e+04
3.289695036840241116e+00 3.724926720130440663e+04
3.302219806851724115e+00 3.609465704936149996e+04
3.314792262093020359e+00 3.493565098033670802e+04
3.327412584114855854e+00 3.348462697348984511e+04
3.340080955159178355e+00 3.034107729680125703e+04
3.352797558161773051e+00 2.718555926551505399e+04
3.365562576754918656e+00 2.401802731282644527e+04
3.378376195270024862e+00 2.083843569844716694e+04
3.391238598740309307e+00 1.764673850794123064e+04
3.404149972903454557e+00 1.444288965206559806e+04
3.417110504204304178e+00 1.122684286610117124e+04
3.430120379797541474e+00 7.998551709188102905e+03
3.443179787550405990e+00 4.757969563651711724e+03
3.456288916045391790e+00 1.505049634332918913e+03
3.469447954582985716e+00 2.538841643291624095e+01
3.482657093184386099e+00 2.517008178013960062e+01
3.495916522594261444e+00 2.495091586754068658e+01
3.509226434283490015e+00 2.473091553028573486e+01
3.522587020451938944e+00 2.451007759149150189e+01
3.535998474031226468e+00 2.428839886217955879e+01
3.549460988687521468e+00 2.406587614123006702e+01
3.562974758824326571e+00 2.384250621533574233e+01
3.576539979585293239e+00 2.361828585895534260e+01
3.590156846857042616e+00 2.339321183426702433e+01
3.603825557271982838e+00 2.316728089112179489e+01
3.617546308211163186e+00 2.294048976699632547e+01
3.631319297807108715e+00 2.271283518694610137e+01
3.645144724946697057e+00 2.248431386355785833e+01
3.659022789274015253e+00 2.225492249690238467e+01
3.672953691193256986e+00 2.202465777448659878e+01
3.686937631871602949e+00 2.179351637120598539e+01
3.700974813242139394e+00 2.156149494929631771e+01
3.715065438006759369e+00 2.132859015828572069e+01
3.729209709639106141e+00 2.105224574044192209e+01
3.743407832387493528e+00 2.077473581595340590e+01
3.757660011277874190e+00 2.049616933517582851e+01
3.771966452116781277e+00 2.021654227551010408e+01
3.786327361494319366e+00 1.993585059904184220e+01
3.800742946787128318e+00 1.965409025248338537e+01
3.815213416161397308e+00 1.937125716711490142e+01
3.829738978575852659e+00 1.908734725872602311e+01
3.844319843784790969e+00 1.880235642755650716e+01
3.858956222341093589e+00 1.851628055823735863e+01
3.873648325599283293e+00 1.822911551973106725e+01
3.888396365718559622e+00 1.794085716527228058e+01
3.903200555665871097e+00 1.765150133230776675e+01
3.918061109218996307e+00 1.736104384243617460e+01
3.932978240969615680e+00 1.706948050134801420e+01
3.947952166326426759e+00 1.677432525215315096e+01
3.962983101518239515e+00 1.645519672358255647e+01
3.978071263597114715e+00 1.613485318529833634e+01
3.993216870441480548e+00 1.581329001142583657e+01
4.008420140759296757e+00 1.549050255847823365e+01
4.023681294091195682e+00 1.516648616528987858e+01
4.039000550813669932e+00 1.484123615294857679e+01
4.054378132142237412e+00 1.451474782472842584e+01
4.069814260134650752e+00 1.418701646602165489e+01
4.085309157694092086e+00 1.385803734427079803e+01
4.100863048572401581e+00 1.352780570890015177e+01
4.116476157373298861e+00 1.319631679124738177e+01
4.132148709555638177e+00 1.286356580449440301e+01
4.147880931436649377e+00 1.252954794359856905e+01
4.163673050195221492e+00 1.156464445525629792e+01
4.179525293875168579e+00 1.048370409092002653e+01
4.195437891388539065e+00 9.398648290560508656e+00
4.211411072518901122e+00 8.309461385586029536e+00
4.227445067924683109e+00 7.216127647749499552e+00
4.243540109142484695e+00 6.118631288922658840e+00
4.259696428590430628e+00 5.016956460867396217e+00
4.275914259571530707e+00 3.911087255006633345e+00
4.292193836277033547e+00 3.732337913517452588e+00
4.308535393789829193e+00 3.657503415916374401e+00
4.324939168087820640e+00 3.582384002886712882e+00
4.341405396047355758e+00 3.506978589677367975e+00
4.357934315446623685e+00 3.431286087407348973e+00
4.374526164969110731e+00 3.355305403049949842e+00
4.391181184207027854e+00 3.279035439417053777e+00
4.407899613664786109e+00 3.202475095143212602e+00
4.424681694762456097e+00 3.125623264669812773e+00
4.441527669839269166e+00 3.048478838229036647e+00
4.458437782157099072e+00 2.826598414390895098e+00
4.475412275903992487e+00 2.265773274668480664e+00
4.492451396197679081e+00 1.702812920036243405e+00
4.509555389089127786e+00 1.137709221146051330e+00
4.526724501566081749e+00 5.704540176994222778e-01
4.543958981556641241e+00 1.039118329147017267e-03
