1.878399999999999861e-02 1.177289400000000076e-02
3.754899999999999904e-02 4.696629000000000081e-02
5.631400000000000294e-02 1.054317599999999994e-01
7.507900000000000684e-02 1.870192800000000100e-01
9.384399999999999686e-02 2.916131399999999929e-01
1.126100000000000018e-01 4.190776800000000080e-01
1.313699999999999868e-01 5.692133999999999805e-01
1.501399999999999957e-01 7.420123200000000585e-01
1.688999999999999946e-01 9.372509999999999453e-01
1.876700000000000035e-01 1.154706000000000010e+00
2.064300000000000024e-01 1.394504999999999884e+00
2.252000000000000113e-01 1.656328800000000046e+00
2.439600000000000102e-01 1.939937999999999940e+00
2.627300000000000191e-01 2.245492200000000160e+00
2.814900000000000180e-01 2.572432800000000075e+00
3.002600000000000269e-01 2.921078999999999759e+00
3.190200000000000258e-01 3.291191399999999767e+00
3.377899999999999792e-01 3.682371000000000283e+00
3.565499999999999781e-01 4.094777399999999901e+00
3.753199999999999870e-01 4.528171200000000063e+00
3.940799999999999859e-01 4.982312999999999548e+00
4.128499999999999948e-01 5.457282600000000095e+00
4.316099999999999937e-01 5.952601199999999260e+00
4.503800000000000026e-01 6.468587999999999560e+00
4.691400000000000015e-01 7.005003599999999331e+00
4.879100000000000104e-01 7.561369199999999680e+00
5.066699999999999537e-01 8.138004000000000460e+00
5.254400000000000182e-01 8.734908000000000783e+00
5.442000000000000171e-01 9.350165999999999755e+00
5.629699999999999704e-01 9.986969999999999459e+00
5.817299999999999693e-01 1.064212800000000136e+01
6.005000000000000338e-01 1.131723600000000118e+01
6.192600000000000326e-01 1.201069800000000143e+01
6.380299999999999860e-01 1.272410999999999959e+01
6.567899999999999849e-01 1.345667399999999958e+01
6.755600000000000493e-01 1.420759200000000000e+01
6.943200000000000482e-01 1.497766199999999870e+01
7.130900000000000016e-01 1.576688400000000101e+01
7.318500000000000005e-01 1.657366199999999878e+01
7.506199999999999539e-01 1.739959199999999839e+01
7.693799999999999528e-01 1.824387600000000020e+01
7.881500000000000172e-01 1.910571600000000103e+01
8.069100000000000161e-01 1.998511200000000088e+01
8.256799999999999695e-01 2.088365999999999900e+01
8.444399999999999684e-01 2.179816799999999688e+01
8.632100000000000328e-01 2.273182800000000015e+01
8.819700000000000317e-01 2.368224600000000279e+01
9.007399999999999851e-01 2.465101800000000054e+01
9.194999999999999840e-01 2.563654799999999767e+01
9.382700000000000484e-01 2.663803800000000166e+01
9.570300000000000473e-01 2.765788200000000074e+01
9.758000000000000007e-01 2.869448400000000277e+01
9.945599999999999996e-01 2.974704600000000099e+01
1.013300000000000090e+00 3.081876000000000104e+01
1.032100000000000017e+00 3.190403999999999840e+01
1.050899999999999945e+00 3.300607800000000225e+01
1.069600000000000106e+00 3.412407600000000230e+01
1.088400000000000034e+00 3.525803400000000210e+01
1.107199999999999962e+00 3.641353799999999552e+01
1.125899999999999901e+00 3.758021399999999801e+01
1.144700000000000051e+00 3.876205200000000417e+01
1.163399999999999990e+00 3.995984999999999587e+01
1.182199999999999918e+00 4.117280999999999835e+01
1.201000000000000068e+00 4.240093200000000451e+01
1.219700000000000006e+00 4.365059999999999718e+01
1.238499999999999934e+00 4.490984399999999965e+01
1.257300000000000084e+00 4.618345199999999551e+01
1.276000000000000023e+00 4.747222200000000214e+01
1.294799999999999951e+00 4.877615399999999823e+01
1.313600000000000101e+00 5.009445000000000192e+01
1.332300000000000040e+00 5.143349400000000315e+01
1.351099999999999968e+00 5.278211399999999998e+01
1.369899999999999896e+00 5.414350199999999802e+01
1.388600000000000056e+00 5.551925399999999655e+01
1.407399999999999984e+00 5.690857200000000660e+01
1.426199999999999912e+00 5.831305200000000610e+01
1.444900000000000073e+00 5.973827999999999605e+01
1.463700000000000001e+00 6.116989200000000437e+01
1.482499999999999929e+00 6.261506999999999579e+01
1.501200000000000090e+00 6.407381399999999871e+01
1.520000000000000018e+00 6.554612400000000605e+01
1.538699999999999957e+00 6.703120200000000750e+01
1.557500000000000107e+00 6.853623000000000332e+01
1.576300000000000034e+00 7.004843999999999937e+01
1.594999999999999973e+00 7.157341800000000376e+01
1.613799999999999901e+00 7.311036599999999908e+01
1.632600000000000051e+00 7.466008200000000272e+01
1.651299999999999990e+00 7.622256600000000049e+01
1.670099999999999918e+00 7.779781800000000658e+01
1.688900000000000068e+00 7.939381800000001022e+01
1.707600000000000007e+00 8.098901999999999646e+01
1.726399999999999935e+00 8.260895999999999617e+01
1.745200000000000085e+00 8.422889999999999588e+01
1.763900000000000023e+00 8.586480000000000246e+01
1.782699999999999951e+00 8.750867999999999824e+01
1.801500000000000101e+00 8.918448000000000775e+01
1.820200000000000040e+00 9.085229999999999961e+01
1.838999999999999968e+00 9.253607999999999834e+01
1.857799999999999896e+00 9.422784000000000049e+01
1.876500000000000057e+00 9.593555999999999528e+01
1.895299999999999985e+00 9.765125999999999351e+01
1.913999999999999924e+00 9.938291999999999859e+01
1.932800000000000074e+00 1.011225599999999929e+02
1.951600000000000001e+00 1.028701799999999906e+02
1.970299999999999940e+00 1.046337600000000094e+02
1.989100000000000090e+00 1.063973399999999998e+02
2.007899999999999796e+00 1.081848600000000005e+02
2.026600000000000179e+00 1.099803600000000046e+02
2.045399999999999885e+00 1.117838399999999979e+02
2.064200000000000035e+00 1.135873200000000054e+02
2.082899999999999974e+00 1.154147399999999948e+02
2.101700000000000124e+00 1.172421599999999984e+02
2.120499999999999829e+00 1.190855400000000088e+02
2.139200000000000212e+00 1.209448799999999977e+02
2.157999999999999918e+00 1.228121999999999900e+02
2.176800000000000068e+00 1.246715399999999931e+02
2.195500000000000007e+00 1.265548200000000065e+02
2.214300000000000157e+00 1.284460799999999949e+02
2.233099999999999863e+00 1.303453200000000152e+02
2.251799999999999802e+00 1.322605199999999854e+02
2.270599999999999952e+00 1.341757199999999841e+02
2.289299999999999891e+00 1.360989000000000146e+02
2.308100000000000041e+00 1.380300599999999918e+02
2.326900000000000190e+00 1.399771800000000042e+02
2.345600000000000129e+00 1.419242999999999881e+02
2.364399999999999835e+00 1.438873799999999790e+02
2.383199999999999985e+00 1.458584400000000016e+02
2.401899999999999924e+00 1.478374799999999993e+02
2.420700000000000074e+00 1.498165199999999970e+02
2.439499999999999780e+00 1.518115200000000016e+02
2.458200000000000163e+00 1.538145000000000095e+02
2.476999999999999869e+00 1.558174800000000175e+02
2.495800000000000018e+00 1.578443999999999789e+02
2.514499999999999957e+00 1.598713199999999972e+02
2.533300000000000107e+00 1.618982400000000155e+02
2.552099999999999813e+00 1.639331399999999803e+02
2.570800000000000196e+00 1.659839999999999804e+02
2.589599999999999902e+00 1.680348599999999806e+02
2.608400000000000052e+00 1.701016800000000160e+02
2.627099999999999991e+00 1.721684999999999945e+02
2.645900000000000141e+00 1.742433000000000050e+02
2.664600000000000080e+00 1.763260800000000188e+02
2.683399999999999785e+00 1.784168400000000076e+02
2.702199999999999935e+00 1.805075999999999965e+02
2.720899999999999874e+00 1.826143200000000206e+02
2.739700000000000024e+00 1.847210399999999879e+02
2.758500000000000174e+00 1.868357399999999870e+02
2.777200000000000113e+00 1.889584199999999896e+02
2.795999999999999819e+00 1.910731199999999887e+02
2.814799999999999969e+00 1.932117599999999982e+02
2.833499999999999908e+00 1.953583799999999826e+02
2.852300000000000058e+00 1.975049999999999955e+02
2.871100000000000207e+00 1.996516200000000083e+02
2.889800000000000146e+00 2.018062199999999962e+02
2.908599999999999852e+00 2.039608199999999840e+02
2.927400000000000002e+00 2.061234000000000037e+02
2.946099999999999941e+00 2.083099199999999769e+02
2.964900000000000091e+00 2.104884600000000034e+02
2.983699999999999797e+00 2.126670000000000016e+02
3.002400000000000180e+00 2.148535200000000032e+02
3.021199999999999886e+00 2.170480200000000082e+02
3.039899999999999824e+00 2.192425199999999847e+02
3.058699999999999974e+00 2.214529800000000250e+02
3.077500000000000124e+00 2.236554600000000050e+02
3.096200000000000063e+00 2.258738999999999919e+02
3.115000000000000213e+00 2.280843600000000038e+02
3.133799999999999919e+00 2.303027999999999906e+02
3.152499999999999858e+00 2.325292200000000093e+02
3.171300000000000008e+00 2.347556399999999996e+02
3.190100000000000158e+00 2.369980199999999968e+02
3.208800000000000097e+00 2.392324199999999905e+02
3.227599999999999802e+00 2.414747999999999877e+02
3.246399999999999952e+00 2.437171799999999848e+02
3.265099999999999891e+00 2.459675399999999854e+02
3.283900000000000041e+00 2.482099200000000110e+02
3.302700000000000191e+00 2.504842199999999934e+02
3.321400000000000130e+00 2.527425599999999974e+02
3.340199999999999836e+00 2.550008999999999730e+02
3.358999999999999986e+00 2.572592400000000339e+02
3.377699999999999925e+00 2.595335400000000163e+02
3.396500000000000075e+00 2.617998600000000238e+02
3.415200000000000014e+00 2.640901200000000131e+02
3.434000000000000163e+00 2.663644199999999955e+02
3.452799999999999869e+00 2.686467000000000098e+02
3.471499999999999808e+00 2.709289800000000241e+02
3.490299999999999958e+00 2.732192399999999566e+02
3.509100000000000108e+00 2.755015199999999709e+02
3.527800000000000047e+00 2.778077399999999670e+02
3.546600000000000197e+00 2.800980000000000132e+02
3.565399999999999903e+00 2.823962400000000343e+02
3.584099999999999842e+00 2.846944799999999987e+02
3.602899999999999991e+00 2.869927200000000198e+02
3.621700000000000141e+00 2.892909599999999841e+02
3.640400000000000080e+00 2.916131399999999871e+02
3.659199999999999786e+00 2.939193599999999833e+02
3.677999999999999936e+00 2.962255800000000363e+02
3.696699999999999875e+00 2.985317999999999756e+02
3.715500000000000025e+00 3.008460000000000036e+02
3.734300000000000175e+00 3.031522199999999998e+02
3.753000000000000114e+00 3.054823800000000347e+02
3.771799999999999820e+00 3.077965800000000058e+02
3.790500000000000203e+00 3.101187600000000089e+02
3.809299999999999908e+00 3.124329599999999800e+02
3.828100000000000058e+00 3.147551399999999830e+02
3.846799999999999997e+00 3.170693399999999542e+02
3.865600000000000147e+00 3.194074800000000209e+02
3.884399999999999853e+00 3.217296599999999671e+02
3.903099999999999792e+00 3.240518399999999701e+02
3.921899999999999942e+00 3.263740199999999732e+02
3.940700000000000092e+00 3.286961999999999762e+02
3.959400000000000031e+00 3.310183799999999792e+02
3.978200000000000180e+00 3.333485399999999572e+02
3.996999999999999886e+00 3.356786999999999921e+02
4.015699999999999825e+00 3.380088599999999701e+02
4.034500000000000419e+00 3.403390200000000050e+02
4.053300000000000125e+00 3.426691799999999830e+02
4.072000000000000064e+00 3.449993400000000179e+02
4.090799999999999770e+00 3.473215200000000209e+02
4.109499999999999709e+00 3.496596600000000308e+02
4.128300000000000303e+00 3.519898200000000088e+02
4.147100000000000009e+00 3.543120000000000118e+02
4.165799999999999947e+00 3.566341800000000148e+02
4.184599999999999653e+00 3.589643399999999929e+02
4.203400000000000247e+00 3.612865199999999959e+02
4.222100000000000186e+00 3.636246600000000058e+02
4.240899999999999892e+00 3.659468400000000088e+02
4.259699999999999598e+00 3.682690200000000118e+02
4.278400000000000425e+00 3.705991800000000467e+02
4.297200000000000131e+00 3.729133800000000178e+02
4.315999999999999837e+00 3.752355600000000209e+02
4.334699999999999775e+00 3.775657199999999989e+02
4.353500000000000369e+00 3.798879000000000019e+02
4.372300000000000075e+00 3.822100800000000049e+02
4.391000000000000014e+00 3.845242799999999761e+02
4.409799999999999720e+00 3.868384800000000041e+02
4.428600000000000314e+00 3.891447000000000003e+02
4.447300000000000253e+00 3.914748600000000351e+02
4.466099999999999959e+00 3.937890600000000063e+02
4.484799999999999898e+00 3.960952800000000025e+02
4.503599999999999604e+00 3.984014999999999986e+02
4.522400000000000198e+00 4.007077199999999948e+02
4.541100000000000136e+00 4.030139399999999910e+02
4.559899999999999842e+00 4.053281399999999621e+02
4.578700000000000436e+00 4.076263799999999833e+02
4.597400000000000375e+00 4.099246200000000044e+02
4.616200000000000081e+00 4.122228600000000256e+02
4.634999999999999787e+00 4.145131199999999581e+02
4.653699999999999726e+00 4.168113599999999792e+02
4.672500000000000320e+00 4.191016200000000254e+02
4.691300000000000026e+00 4.213918800000000147e+02
4.709999999999999964e+00 4.236821400000000040e+02
4.728799999999999670e+00 4.259564399999999864e+02
4.747600000000000264e+00 4.282387200000000007e+02
4.766300000000000203e+00 4.305130199999999832e+02
4.785099999999999909e+00 4.327873199999999656e+02
4.803899999999999615e+00 4.350695999999999799e+02
4.822600000000000442e+00 4.373439000000000192e+02
4.841400000000000148e+00 4.396022399999999948e+02
4.860100000000000087e+00 4.418685600000000022e+02
4.878899999999999793e+00 4.441269000000000347e+02
4.897700000000000387e+00 4.463852400000000102e+02
4.916400000000000325e+00 4.486515600000000177e+02
4.935200000000000031e+00 4.509019199999999614e+02
4.953999999999999737e+00 4.531443000000000438e+02
4.972699999999999676e+00 4.553866800000000126e+02
4.991500000000000270e+00 4.576210800000000063e+02
5.010299999999999976e+00 4.598634599999999750e+02
5.028999999999999915e+00 4.621058400000000006e+02
5.047799999999999621e+00 4.643402399999999943e+02
5.066600000000000215e+00 4.665586799999999812e+02
5.085300000000000153e+00 4.687771199999999681e+02
5.104099999999999859e+00 4.709955600000000118e+02
5.122899999999999565e+00 4.732060199999999668e+02
5.141600000000000392e+00 4.754324399999999855e+02
5.160400000000000098e+00 4.776349199999999655e+02
5.179199999999999804e+00 4.798294200000000274e+02
5.197899999999999743e+00 4.820319000000000074e+02
5.216700000000000337e+00 4.842263999999999555e+02
5.235400000000000276e+00 4.864129199999999855e+02
5.254199999999999982e+00 4.886074199999999905e+02
5.272999999999999687e+00 4.907859599999999887e+02
5.291699999999999626e+00 4.929644999999999868e+02
5.310500000000000220e+00 4.951270799999999781e+02
5.329299999999999926e+00 4.972976400000000012e+02
5.347999999999999865e+00 4.994602200000000494e+02
5.366799999999999571e+00 5.016227999999999838e+02
5.385600000000000165e+00 5.037694200000000251e+02
5.404300000000000104e+00 5.059240199999999845e+02
5.423099999999999810e+00 5.080626599999999939e+02
5.441900000000000404e+00 5.102013000000000602e+02
5.460600000000000342e+00 5.123319599999999809e+02
5.479400000000000048e+00 5.144626200000000154e+02
5.498199999999999754e+00 5.165852999999999611e+02
5.516899999999999693e+00 5.187079800000000205e+02
5.535700000000000287e+00 5.208147000000000162e+02
5.554499999999999993e+00 5.229214200000000119e+02
5.573199999999999932e+00 5.250201600000000326e+02
5.591999999999999638e+00 5.271109199999999646e+02
5.610699999999999577e+00 5.292096599999999853e+02
5.629500000000000171e+00 5.312924399999999423e+02
5.648299999999999876e+00 5.333752200000000130e+02
5.666999999999999815e+00 5.354420400000000200e+02
5.685800000000000409e+00 5.375088600000000270e+02
5.704600000000000115e+00 5.395676999999999452e+02
5.723300000000000054e+00 5.416345200000000659e+02
5.742099999999999760e+00 5.436853800000000092e+02
5.760900000000000354e+00 5.457282599999999775e+02
5.779600000000000293e+00 5.477631599999999708e+02
5.798399999999999999e+00 5.497900799999999890e+02
5.817199999999999704e+00 5.518170000000000073e+02
5.835899999999999643e+00 5.538439199999999119e+02
5.854700000000000237e+00 5.558548799999999801e+02
5.873499999999999943e+00 5.578578599999999597e+02
5.892199999999999882e+00 5.598608399999999392e+02
5.910999999999999588e+00 5.618478599999999687e+02
5.929800000000000182e+00 5.638348799999999983e+02
5.948500000000000121e+00 5.658218999999999141e+02
5.967299999999999827e+00 5.678009399999999687e+02
5.985999999999999766e+00 5.697640200000000732e+02
6.004800000000000360e+00 5.717270999999999503e+02
6.023600000000000065e+00 5.736821999999999662e+02
6.042300000000000004e+00 5.756213400000000320e+02
6.061099999999999710e+00 5.775684599999999591e+02
6.079900000000000304e+00 5.794996200000000499e+02
6.098600000000000243e+00 5.814307799999999133e+02
6.117399999999999949e+00 5.833459799999999404e+02
6.136199999999999655e+00 5.852611800000000812e+02
6.154899999999999594e+00 5.871684000000000196e+02
6.173700000000000188e+00 5.890676399999999830e+02
6.192499999999999893e+00 5.909588999999999714e+02
6.211199999999999832e+00 5.928421799999999848e+02
6.230000000000000426e+00 5.947094999999999345e+02
6.248800000000000132e+00 5.965847999999999729e+02
6.267500000000000071e+00 5.984441400000000613e+02
6.286299999999999777e+00 6.002954999999999472e+02
6.305100000000000371e+00 6.021468599999999469e+02
6.323800000000000310e+00 6.039902400000000853e+02
6.342600000000000016e+00 6.058176599999999326e+02
6.361299999999999955e+00 6.076450800000000072e+02
6.380099999999999660e+00 6.094565400000000182e+02
6.398900000000000254e+00 6.112600200000000541e+02
6.417600000000000193e+00 6.130714800000000650e+02
6.436399999999999899e+00 6.148669800000000123e+02
6.455199999999999605e+00 6.166465200000000095e+02
6.473900000000000432e+00 6.184260600000000068e+02
6.492700000000000138e+00 6.201976199999999153e+02
6.511499999999999844e+00 6.219532199999999875e+02
6.530199999999999783e+00 6.237088200000000597e+02
6.549000000000000377e+00 6.254564400000000433e+02
6.567800000000000082e+00 6.271960799999999381e+02
6.586500000000000021e+00 6.289197599999999966e+02
6.605299999999999727e+00 6.306354599999999664e+02
6.624100000000000321e+00 6.323511600000000499e+02
6.642800000000000260e+00 6.340588800000000447e+02
6.661599999999999966e+00 6.357586200000000645e+02
6.680399999999999672e+00 6.374424000000000206e+02
6.699099999999999611e+00 6.391182000000000016e+02
6.717900000000000205e+00 6.407860200000000077e+02
6.736600000000000144e+00 6.424458599999999251e+02
6.755399999999999849e+00 6.441056999999999562e+02
6.774200000000000443e+00 6.457495800000000372e+02
6.792900000000000382e+00 6.473854800000000296e+02
6.811700000000000088e+00 6.490134000000000469e+02
6.830499999999999794e+00 6.506333399999999756e+02
6.849199999999999733e+00 6.522453000000000429e+02
6.868000000000000327e+00 6.538492799999999079e+02
6.886800000000000033e+00 6.554452800000000252e+02
6.905499999999999972e+00 6.570253200000000788e+02
6.924299999999999677e+00 6.585973799999999301e+02
6.943100000000000271e+00 6.601614599999999200e+02
6.961800000000000210e+00 6.617175599999999349e+02
6.980599999999999916e+00 6.632656799999999748e+02
6.999399999999999622e+00 6.648058199999999260e+02
7.018099999999999561e+00 6.663379800000000159e+02
7.036900000000000155e+00 6.678541800000000421e+02
7.055699999999999861e+00 6.693623999999999796e+02
7.074399999999999800e+00 6.708626400000000558e+02
7.093200000000000394e+00 6.723548999999999296e+02
7.111900000000000333e+00 6.738391800000000558e+02
7.130700000000000038e+00 6.753154800000000932e+02
7.149499999999999744e+00 6.767837999999999283e+02
7.168199999999999683e+00 6.782361600000000408e+02
7.187000000000000277e+00 6.796805399999999509e+02
7.205799999999999983e+00 6.811089600000000246e+02
7.224499999999999922e+00 6.825373799999999846e+02
7.243299999999999628e+00 6.839578199999999697e+02
7.262100000000000222e+00 6.853623000000000047e+02
7.280800000000000161e+00 6.867587999999999511e+02
7.299599999999999866e+00 6.881473200000000361e+02
7.318399999999999572e+00 6.895278600000000324e+02
7.337100000000000399e+00 6.908924399999999650e+02
7.355900000000000105e+00 6.922570200000000114e+02
7.374699999999999811e+00 6.936056399999999940e+02
7.393399999999999750e+00 6.949382999999999129e+02
7.412200000000000344e+00 6.962709599999999455e+02
7.431000000000000050e+00 6.975956400000000031e+02
7.449699999999999989e+00 6.989043599999999969e+02
7.468499999999999694e+00 7.002051000000000158e+02
7.487199999999999633e+00 7.014898799999999710e+02
7.506000000000000227e+00 7.027666800000000649e+02
7.524799999999999933e+00 7.040354999999999563e+02
7.543499999999999872e+00 7.052963399999999865e+02
7.562299999999999578e+00 7.065491999999999280e+02
7.581100000000000172e+00 7.077940800000000081e+02
7.599800000000000111e+00 7.090150199999999359e+02
7.618599999999999817e+00 7.102359599999999773e+02
7.637400000000000411e+00 7.114489199999999300e+02
7.656100000000000350e+00 7.126459199999999328e+02
7.674900000000000055e+00 7.138349400000000742e+02
7.693699999999999761e+00 7.150080000000000382e+02
7.712399999999999700e+00 7.161730800000000272e+02
7.731200000000000294e+00 7.173381600000000162e+02
7.750000000000000000e+00 7.184793000000000802e+02
7.768699999999999939e+00 7.196124599999999418e+02
7.787499999999999645e+00 7.207456199999999171e+02
7.806300000000000239e+00 7.218628199999999424e+02
7.825000000000000178e+00 7.229640600000000177e+02
7.843799999999999883e+00 7.240573200000000043e+02
7.862499999999999822e+00 7.251426000000000158e+02
7.881300000000000416e+00 7.262119199999999637e+02
7.900100000000000122e+00 7.272732599999999366e+02
7.918800000000000061e+00 7.283346000000000231e+02
7.937599999999999767e+00 7.293719999999999573e+02
7.956400000000000361e+00 7.304014200000000301e+02
7.975100000000000300e+00 7.314228600000000142e+02
7.993900000000000006e+00 7.324283400000000483e+02
8.012700000000000600e+00 7.334258399999999938e+02
8.031399999999999650e+00 7.344153600000000779e+02
8.050200000000000244e+00 7.353968999999999596e+02
8.069000000000000838e+00 7.363624800000000050e+02
8.087699999999999889e+00 7.373120999999999867e+02
8.106500000000000483e+00 7.382617199999999684e+02
8.125299999999999301e+00 7.391953800000000001e+02
8.144000000000000128e+00 7.401130799999999681e+02
8.162800000000000722e+00 7.410307799999999361e+02
8.181599999999999540e+00 7.419245399999999790e+02
8.200300000000000367e+00 7.428183000000000220e+02
8.219099999999999184e+00 7.436961000000000013e+02
8.237800000000000011e+00 7.445659200000000055e+02
8.256600000000000605e+00 7.454197799999999461e+02
8.275399999999999423e+00 7.462736400000000003e+02
8.294100000000000250e+00 7.471035600000000159e+02
8.312900000000000844e+00 7.479255000000000564e+02
8.331699999999999662e+00 7.487394599999998945e+02
8.350400000000000489e+00 7.495454399999999850e+02
8.369199999999999307e+00 7.503354600000000119e+02
8.387999999999999901e+00 7.511095199999999750e+02
8.406700000000000728e+00 7.518755999999999631e+02
8.425499999999999545e+00 7.526336999999999762e+02
8.444300000000000139e+00 7.533758400000000393e+02
8.462999999999999190e+00 7.541100000000000136e+02
8.481799999999999784e+00 7.548361800000000130e+02
8.500600000000000378e+00 7.555463999999999487e+02
8.519299999999999429e+00 7.562486400000000231e+02
8.538100000000000023e+00 7.569349199999999200e+02
8.556900000000000617e+00 7.576132199999999557e+02
8.575599999999999667e+00 7.582835400000000163e+02
8.594400000000000261e+00 7.589379000000000133e+02
8.613099999999999312e+00 7.595842800000000352e+02
8.631899999999999906e+00 7.602146999999999935e+02
8.650700000000000500e+00 7.608371399999999767e+02
8.669399999999999551e+00 7.614436200000000099e+02
8.688200000000000145e+00 7.620421199999999544e+02
8.707000000000000739e+00 7.626246599999999489e+02
8.725699999999999790e+00 7.631992199999999684e+02
8.744500000000000384e+00 7.637658000000000129e+02
8.763299999999999201e+00 7.643164199999999937e+02
8.782000000000000028e+00 7.648590599999999995e+02
8.800800000000000622e+00 7.653857399999999416e+02
8.819599999999999440e+00 7.659044399999999087e+02
8.838300000000000267e+00 7.664071800000000394e+02
8.857100000000000861e+00 7.669019399999999678e+02
8.875899999999999679e+00 7.673887200000000348e+02
8.894600000000000506e+00 7.678595400000000382e+02
8.913399999999999324e+00 7.683223800000000665e+02
8.932100000000000151e+00 7.687692600000000311e+02
8.950900000000000745e+00 7.692081600000000208e+02
8.969699999999999562e+00 7.696311000000000604e+02
8.988400000000000389e+00 7.700460600000000113e+02
9.007199999999999207e+00 7.704450599999998985e+02
9.025999999999999801e+00 7.708360800000000381e+02
9.044700000000000628e+00 7.712111400000000003e+02
9.063499999999999446e+00 7.715782199999999875e+02
9.082300000000000040e+00 7.719373199999999997e+02
9.101000000000000867e+00 7.722804600000000619e+02
9.119799999999999685e+00 7.726156200000000354e+02
9.138600000000000279e+00 7.729348200000000588e+02
9.157299999999999329e+00 7.732380600000000186e+02
9.176099999999999923e+00 7.735412999999999784e+02
9.194900000000000517e+00 7.738285799999999881e+02
9.213599999999999568e+00 7.740998999999999342e+02
9.232400000000000162e+00 7.743632400000000189e+02
9.251200000000000756e+00 7.746106200000000399e+02
9.269899999999999807e+00 7.748500200000000859e+02
9.288700000000000401e+00 7.750734600000000682e+02
9.307399999999999451e+00 7.752889200000000756e+02
9.326200000000000045e+00 7.754963999999999942e+02
9.345000000000000639e+00 7.756879199999999628e+02
9.363699999999999690e+00 7.758634800000000951e+02
9.382500000000000284e+00 7.760390400000000000e+02
9.401300000000000878e+00 7.761906600000000935e+02
9.419999999999999929e+00 7.763342999999999847e+02
9.438800000000000523e+00 7.764699600000000146e+02
9.457599999999999341e+00 7.765896599999999808e+02
9.476300000000000168e+00 7.766933999999999969e+02
9.495100000000000762e+00 7.767971400000000131e+02
9.513899999999999579e+00 7.768849199999999655e+02
9.532600000000000406e+00 7.769567400000000816e+02
9.551399999999999224e+00 7.770126000000000204e+02
9.570199999999999818e+00 7.770684600000000728e+02
9.588900000000000645e+00 7.771083599999999478e+02
9.607699999999999463e+00 7.771322999999999865e+02
9.626500000000000057e+00 7.771402799999999615e+02
9.645200000000000884e+00 7.771482600000000502e+02
9.663999999999999702e+00 7.771402799999999615e+02
9.682700000000000529e+00 7.771243200000000115e+02
9.701499999999999346e+00 7.770923999999999978e+02
9.720299999999999940e+00 7.770445200000000341e+02
9.739000000000000767e+00 7.769886599999999817e+02
9.757799999999999585e+00 7.769248199999999542e+02
9.776600000000000179e+00 7.768450200000000905e+02
9.795299999999999230e+00 7.767492600000000493e+02
9.814099999999999824e+00 7.766455199999999195e+02
9.832900000000000418e+00 7.765337999999999283e+02
9.851599999999999469e+00 7.764061199999999872e+02
9.870400000000000063e+00 7.762624799999999823e+02
9.889200000000000657e+00 7.761188399999999774e+02
9.907899999999999707e+00 7.759592400000000225e+02
9.926700000000000301e+00 7.757836800000000039e+02
9.945499999999999119e+00 7.756001400000000103e+02
9.964199999999999946e+00 7.754006400000000667e+02
9.983000000000000540e+00 7.751931600000000344e+02
1.000200000000000067e+01 7.749777000000000271e+02
1.002100000000000080e+01 7.747462800000000698e+02
1.003899999999999970e+01 7.744989000000000487e+02
1.005799999999999983e+01 7.742355599999999640e+02
1.007699999999999996e+01 7.739722199999999930e+02
1.009600000000000009e+01 7.737009000000000469e+02
1.011400000000000077e+01 7.733976599999999735e+02
1.013299999999999912e+01 7.730944200000000137e+02
1.015199999999999925e+01 7.727831999999999653e+02
1.017099999999999937e+01 7.724560199999999668e+02
1.018900000000000006e+01 7.721288399999999683e+02
1.020800000000000018e+01 7.717777199999999311e+02
1.022700000000000031e+01 7.714026599999999689e+02
1.024600000000000044e+01 7.710355799999999817e+02
1.026399999999999935e+01 7.706525400000000445e+02
1.028299999999999947e+01 7.702535399999999299e+02
1.030199999999999960e+01 7.698385799999999790e+02
1.032099999999999973e+01 7.694316000000000031e+02
1.033999999999999986e+01 7.690006799999999885e+02
1.035800000000000054e+01 7.685617799999999988e+02
1.037700000000000067e+01 7.680989400000000842e+02
1.039600000000000080e+01 7.676281199999999671e+02
1.041499999999999915e+01 7.671572999999999638e+02
1.043299999999999983e+01 7.666784999999999854e+02
1.045199999999999996e+01 7.661837400000000571e+02
1.047100000000000009e+01 7.656650400000000900e+02
1.049000000000000021e+01 7.651303799999999455e+02
1.050799999999999912e+01 7.646037000000000035e+02
1.052699999999999925e+01 7.640610599999999977e+02
1.054599999999999937e+01 7.634944799999999532e+02
1.056499999999999950e+01 7.629199199999999337e+02
1.058300000000000018e+01 7.623373800000000529e+02
1.060200000000000031e+01 7.617628200000000334e+02
1.062100000000000044e+01 7.611643199999999752e+02
1.064000000000000057e+01 7.605339000000000169e+02
1.065900000000000070e+01 7.599034800000000587e+02
1.067699999999999960e+01 7.592730599999999868e+02
1.069599999999999973e+01 7.586266799999999648e+02
1.071499999999999986e+01 7.579723199999999679e+02
1.073399999999999999e+01 7.572940199999999322e+02
1.075200000000000067e+01 7.565997599999999466e+02
1.077100000000000080e+01 7.559055000000000746e+02
1.078999999999999915e+01 7.552112399999999752e+02
1.080899999999999928e+01 7.544850600000000895e+02
1.082699999999999996e+01 7.537429200000000264e+02
1.084600000000000009e+01 7.530167400000000271e+02
1.086500000000000021e+01 7.522666199999999890e+02
1.088400000000000034e+01 7.515164999999999509e+02
1.090199999999999925e+01 7.507344599999998991e+02
1.092099999999999937e+01 7.499364600000000110e+02
1.093999999999999950e+01 7.491464399999999841e+02
1.095899999999999963e+01 7.483484399999999823e+02
1.097799999999999976e+01 7.475264999999999418e+02
1.099600000000000044e+01 7.466806199999999762e+02
1.101500000000000057e+01 7.458507000000000744e+02
1.103400000000000070e+01 7.450048199999999952e+02
1.105300000000000082e+01 7.441509600000000546e+02
1.107099999999999973e+01 7.432731600000000753e+02
1.108999999999999986e+01 7.423714200000000574e+02
1.110899999999999999e+01 7.414856399999999894e+02
1.112800000000000011e+01 7.405838999999999714e+02
1.114600000000000080e+01 7.396821599999999535e+02
1.116499999999999915e+01 7.387405200000000605e+02
1.118399999999999928e+01 7.377829199999999901e+02
1.120299999999999940e+01 7.368412799999999834e+02
1.122100000000000009e+01 7.358916600000000017e+02
1.124000000000000021e+01 7.349180999999999813e+02
1.125900000000000034e+01 7.339126199999999471e+02
1.127800000000000047e+01 7.329230999999999767e+02
1.129700000000000060e+01 7.319335800000000063e+02
1.131499999999999950e+01 7.309280999999999722e+02
1.133399999999999963e+01 7.298907000000000380e+02
1.135299999999999976e+01 7.288373399999999265e+02
1.137199999999999989e+01 7.277999400000001060e+02
1.139000000000000057e+01 7.267545599999999695e+02
1.140900000000000070e+01 7.257011999999999716e+02
1.142800000000000082e+01 7.246159199999999601e+02
1.144699999999999918e+01 7.234987199999999348e+02
1.146499999999999986e+01 7.224134399999999232e+02
1.148399999999999999e+01 7.213121999999999616e+02
1.150300000000000011e+01 7.201790399999999863e+02
1.152200000000000024e+01 7.190219399999999723e+02
1.153999999999999915e+01 7.178967599999999720e+02
1.155899999999999928e+01 7.167556200000000217e+02
1.157799999999999940e+01 7.156064999999999827e+02
1.159699999999999953e+01 7.144254599999999300e+02
1.161599999999999966e+01 7.132124999999999773e+02
1.163400000000000034e+01 7.120314600000000382e+02
1.165300000000000047e+01 7.108424400000000105e+02
1.167200000000000060e+01 7.096215000000000828e+02
1.169100000000000072e+01 7.083686400000000276e+02
1.170899999999999963e+01 7.071476999999999862e+02
1.172799999999999976e+01 7.059107999999999947e+02
1.174699999999999989e+01 7.046739000000000033e+02
1.176600000000000001e+01 7.033971000000000231e+02
1.178400000000000070e+01 7.020883800000000292e+02
1.180300000000000082e+01 7.008275399999999991e+02
1.182199999999999918e+01 6.995427600000000439e+02
1.184099999999999930e+01 6.982500000000000000e+02
1.185899999999999999e+01 6.969253199999999424e+02
1.187800000000000011e+01 6.955687200000000985e+02
1.189700000000000024e+01 6.942520200000000159e+02
1.191600000000000037e+01 6.929193600000000970e+02
1.193500000000000050e+01 6.915547800000000507e+02
1.195299999999999940e+01 6.901582799999999907e+02
1.197199999999999953e+01 6.888016800000000330e+02
1.199099999999999966e+01 6.874291200000000117e+02
1.200999999999999979e+01 6.860565600000001041e+02
1.202800000000000047e+01 6.846361200000000053e+02
1.204700000000000060e+01 6.831917399999999816e+02
1.206600000000000072e+01 6.817872599999999466e+02
1.208500000000000085e+01 6.803668199999999615e+02
1.210299999999999976e+01 6.789384000000000015e+02
1.212199999999999989e+01 6.774780600000000277e+02
1.214100000000000001e+01 6.759857999999999265e+02
1.216000000000000014e+01 6.745334400000000414e+02
1.217800000000000082e+01 6.730651199999999790e+02
1.219699999999999918e+01 6.715728599999999915e+02
1.221599999999999930e+01 6.700407000000000153e+02
1.223499999999999943e+01 6.685484400000000278e+02
1.225399999999999956e+01 6.670481999999999516e+02
1.227200000000000024e+01 6.655320000000000391e+02
1.229100000000000037e+01 6.639918599999999742e+02
1.231000000000000050e+01 6.624118200000000343e+02
1.232900000000000063e+01 6.608716799999999694e+02
1.234699999999999953e+01 6.593315400000000182e+02
1.236599999999999966e+01 6.577435199999999895e+02
1.238499999999999979e+01 6.561315600000000359e+02
1.240399999999999991e+01 6.545594999999999573e+02
1.242200000000000060e+01 6.529794600000000173e+02
1.244100000000000072e+01 6.513914400000001024e+02
1.246000000000000085e+01 6.497635199999999713e+02
1.247899999999999920e+01 6.480956999999999653e+02
1.249699999999999989e+01 6.464837400000000116e+02
1.251600000000000001e+01 6.448558199999999943e+02
1.253500000000000014e+01 6.432278999999999769e+02
1.255400000000000027e+01 6.415600799999999708e+02
1.257300000000000040e+01 6.398523599999999760e+02
1.259099999999999930e+01 6.381925200000000586e+02
1.260999999999999943e+01 6.365247000000000526e+02
1.262899999999999956e+01 6.348169799999999441e+02
1.264799999999999969e+01 6.330693599999999606e+02
1.266600000000000037e+01 6.313855800000000045e+02
1.268500000000000050e+01 6.296858400000000984e+02
1.270400000000000063e+01 6.279701400000000149e+02
1.272300000000000075e+01 6.262305000000000064e+02
1.274099999999999966e+01 6.244429800000000341e+02
1.275999999999999979e+01 6.227113200000000006e+02
1.277899999999999991e+01 6.209716799999999921e+02
1.279800000000000004e+01 6.192240600000000086e+02
1.281700000000000017e+01 6.174445200000000114e+02
1.283500000000000085e+01 6.156091200000000754e+02
1.285399999999999920e+01 6.138375600000000532e+02
1.287299999999999933e+01 6.120580200000000559e+02
1.289199999999999946e+01 6.102465599999999313e+02
1.291000000000000014e+01 6.083792399999999816e+02
1.292900000000000027e+01 6.065757599999999456e+02
1.294800000000000040e+01 6.047643000000000484e+02
1.296700000000000053e+01 6.029528400000000374e+02
1.298499999999999943e+01 6.011014800000000378e+02
1.300399999999999956e+01 5.991942599999999857e+02
1.302299999999999969e+01 5.973508800000000747e+02
1.304199999999999982e+01 5.955074999999999363e+02
1.306000000000000050e+01 5.936242199999999229e+02
1.307900000000000063e+01 5.916930600000000595e+02
1.309800000000000075e+01 5.898177600000000211e+02
1.311700000000000088e+01 5.879424600000000964e+02
1.313599999999999923e+01 5.860591800000000831e+02
1.315399999999999991e+01 5.841359999999999673e+02
1.317300000000000004e+01 5.821649400000000014e+02
1.319200000000000017e+01 5.802657000000000380e+02
1.321100000000000030e+01 5.783584799999999859e+02
1.322899999999999920e+01 5.764352999999999838e+02
1.324799999999999933e+01 5.744801999999999680e+02
1.326699999999999946e+01 5.724692400000000134e+02
1.328599999999999959e+01 5.705380800000000363e+02
1.330400000000000027e+01 5.685909599999999955e+02
1.332300000000000040e+01 5.666119199999999410e+02
1.334200000000000053e+01 5.645690400000000864e+02
1.336100000000000065e+01 5.626059599999999818e+02
1.337899999999999956e+01 5.606349000000000160e+02
1.339799999999999969e+01 5.586558599999999615e+02
1.341699999999999982e+01 5.566449000000000069e+02
1.343599999999999994e+01 5.545701000000000249e+02
1.345500000000000007e+01 5.525751000000000204e+02
1.347300000000000075e+01 5.505721200000000408e+02
1.349200000000000088e+01 5.485611599999999726e+02
1.351099999999999923e+01 5.465182800000000043e+02
1.352999999999999936e+01 5.444195400000000973e+02
1.354800000000000004e+01 5.423926199999999653e+02
1.356700000000000017e+01 5.403577199999999721e+02
1.358600000000000030e+01 5.382908999999999651e+02
1.360500000000000043e+01 5.361602399999999307e+02
1.362299999999999933e+01 5.341093799999999874e+02
1.364199999999999946e+01 5.320585199999999304e+02
1.366099999999999959e+01 5.299917000000000371e+02
1.367999999999999972e+01 5.278929600000000164e+02
1.369800000000000040e+01 5.257383599999999433e+02
1.371700000000000053e+01 5.236555799999999863e+02
1.373600000000000065e+01 5.215728000000000293e+02
1.375500000000000078e+01 5.194580999999999449e+02
1.377399999999999913e+01 5.172795600000000604e+02
1.379199999999999982e+01 5.151808200000000397e+02
1.381099999999999994e+01 5.130741000000000440e+02
1.383000000000000007e+01 5.109594000000000165e+02
1.384900000000000020e+01 5.088207600000000070e+02
1.386700000000000088e+01 5.066102999999999952e+02
1.388599999999999923e+01 5.044796399999999608e+02
1.390499999999999936e+01 5.023569599999999582e+02
1.392399999999999949e+01 5.002183200000000056e+02
1.394200000000000017e+01 4.980477600000000393e+02
1.396100000000000030e+01 4.958133599999999888e+02
1.398000000000000043e+01 4.936667400000000043e+02
1.399900000000000055e+01 4.915041600000000130e+02
1.401699999999999946e+01 4.893176399999999830e+02
1.403599999999999959e+01 4.870672799999999825e+02
1.405499999999999972e+01 4.849046999999999912e+02
1.407399999999999984e+01 4.827341399999999680e+02
1.409299999999999997e+01 4.805476199999999949e+02
1.411100000000000065e+01 4.783451400000000149e+02
1.413000000000000078e+01 4.760708400000000324e+02
1.414899999999999913e+01 4.738843200000000024e+02
1.416799999999999926e+01 4.716898199999999974e+02
1.418599999999999994e+01 4.694873400000000174e+02
1.420500000000000007e+01 4.672609199999999987e+02
1.422400000000000020e+01 4.649626799999999776e+02
1.424300000000000033e+01 4.627522199999999657e+02
1.426099999999999923e+01 4.605417600000000107e+02
1.427999999999999936e+01 4.582993800000000419e+02
1.429899999999999949e+01 4.559931599999999889e+02
1.431799999999999962e+01 4.537587599999999952e+02
1.433600000000000030e+01 4.515403200000000083e+02
1.435500000000000043e+01 4.493059200000000146e+02
1.437400000000000055e+01 4.470475800000000390e+02
1.439300000000000068e+01 4.447174200000000042e+02
1.441200000000000081e+01 4.424750399999999786e+02
1.442999999999999972e+01 4.402326600000000099e+02
1.444899999999999984e+01 4.379583600000000274e+02
1.446799999999999997e+01 4.356122399999999857e+02
1.448700000000000010e+01 4.333618799999999851e+02
1.450500000000000078e+01 4.311115200000000414e+02
1.452399999999999913e+01 4.288531799999999521e+02
1.454299999999999926e+01 4.265629200000000196e+02
1.456199999999999939e+01 4.242088200000000029e+02
1.458000000000000007e+01 4.219345199999999636e+02
1.459900000000000020e+01 4.196681999999999562e+02
1.461800000000000033e+01 4.173938999999999737e+02
1.463700000000000045e+01 4.151036400000000413e+02
1.465499999999999936e+01 4.127256000000000427e+02
1.467399999999999949e+01 4.104513000000000034e+02
1.469299999999999962e+01 4.081690199999999891e+02
1.471199999999999974e+01 4.058627999999999929e+02
1.473099999999999987e+01 4.034847599999999943e+02
1.474900000000000055e+01 4.011945000000000050e+02
1.476800000000000068e+01 3.989042399999999589e+02
1.478700000000000081e+01 3.966139800000000264e+02
1.480599999999999916e+01 3.942997799999999984e+02
1.482399999999999984e+01 3.919057799999999929e+02
1.484299999999999997e+01 3.896155200000000036e+02
1.486200000000000010e+01 3.873172800000000393e+02
1.488100000000000023e+01 3.849951000000000363e+02
1.489899999999999913e+01 3.825931199999999990e+02
1.491799999999999926e+01 3.802948799999999778e+02
1.493699999999999939e+01 3.779886599999999817e+02
1.495599999999999952e+01 3.756904200000000174e+02
1.497400000000000020e+01 3.733602600000000393e+02
1.499300000000000033e+01 3.709582800000000020e+02
1.501200000000000045e+01 3.686520600000000059e+02
1.503100000000000058e+01 3.663458399999999529e+02
1.505000000000000071e+01 3.640396200000000135e+02
1.506799999999999962e+01 3.617094599999999787e+02
1.508699999999999974e+01 3.592995000000000232e+02
1.510599999999999987e+01 3.569852999999999952e+02
1.512500000000000000e+01 3.546790799999999990e+02
1.514300000000000068e+01 3.523409399999999891e+02
1.516200000000000081e+01 3.499309800000000337e+02
1.518099999999999916e+01 3.476247599999999807e+02
1.519999999999999929e+01 3.453105600000000095e+02
1.521799999999999997e+01 3.429963599999999815e+02
1.523700000000000010e+01 3.406662000000000035e+02
1.525600000000000023e+01 3.382562399999999911e+02
1.527500000000000036e+01 3.359420399999999631e+02
1.529299999999999926e+01 3.336278399999999920e+02
1.531199999999999939e+01 3.313216199999999958e+02
1.533099999999999952e+01 3.289914600000000178e+02
1.534999999999999964e+01 3.265815000000000055e+02
1.536899999999999977e+01 3.242672999999999774e+02
1.538700000000000045e+01 3.219610799999999813e+02
1.540600000000000058e+01 3.196309200000000033e+02
1.542500000000000071e+01 3.172209600000000478e+02
1.544400000000000084e+01 3.149227199999999698e+02
1.546199999999999974e+01 3.126085199999999986e+02
1.548099999999999987e+01 3.103102799999999775e+02
1.550000000000000000e+01 3.079880999999999744e+02
1.551900000000000013e+01 3.055781400000000190e+02
1.553700000000000081e+01 3.032798999999999978e+02
1.555599999999999916e+01 3.009816599999999767e+02
1.557499999999999929e+01 2.986594800000000305e+02
1.559399999999999942e+01 2.962654799999999682e+02
1.561200000000000010e+01 2.939752199999999789e+02
1.563100000000000023e+01 2.916769800000000146e+02
1.565000000000000036e+01 2.893867199999999684e+02
1.566900000000000048e+01 2.870725199999999973e+02
1.568800000000000061e+01 2.846864999999999668e+02
1.570599999999999952e+01 2.824042199999999525e+02
1.572499999999999964e+01 2.801139600000000200e+02
1.574399999999999977e+01 2.778396599999999808e+02
1.576299999999999990e+01 2.755414199999999596e+02
1.578100000000000058e+01 2.731633799999999610e+02
1.580000000000000071e+01 2.708890799999999786e+02
1.581900000000000084e+01 2.686147800000000530e+02
1.583799999999999919e+01 2.663245200000000068e+02
1.585599999999999987e+01 2.639544600000000401e+02
1.587500000000000000e+01 2.616961199999999508e+02
1.589400000000000013e+01 2.594298000000000002e+02
1.591300000000000026e+01 2.571794399999999996e+02
1.593099999999999916e+01 2.549051399999999887e+02
1.594999999999999929e+01 2.525510400000000288e+02
1.596899999999999942e+01 2.503086600000000033e+02
1.598799999999999955e+01 2.480583000000000027e+02
1.600700000000000145e+01 2.458238999999999805e+02
1.602499999999999858e+01 2.435735400000000084e+02
1.604400000000000048e+01 2.412274199999999951e+02
1.606299999999999883e+01 2.390010000000000048e+02
1.608200000000000074e+01 2.367745799999999861e+02
1.610000000000000142e+01 2.345401799999999923e+02
1.611899999999999977e+01 2.322180000000000177e+02
1.613800000000000168e+01 2.299995600000000024e+02
1.615700000000000003e+01 2.277891000000000190e+02
1.617500000000000071e+01 2.255786400000000071e+02
1.619399999999999906e+01 2.233681799999999953e+02
1.621300000000000097e+01 2.210699399999999741e+02
1.623199999999999932e+01 2.188754399999999976e+02
1.625000000000000000e+01 2.166889199999999960e+02
1.626899999999999835e+01 2.144864399999999875e+02
1.628800000000000026e+01 2.122041600000000017e+02
1.630699999999999861e+01 2.100336000000000070e+02
1.632600000000000051e+01 2.078630400000000122e+02
1.634400000000000119e+01 2.057004600000000210e+02
1.636299999999999955e+01 2.035298999999999978e+02
1.638200000000000145e+01 2.012715600000000222e+02
1.640099999999999980e+01 1.991329200000000128e+02
1.641900000000000048e+01 1.969863000000000000e+02
1.643799999999999883e+01 1.948476600000000190e+02
1.645700000000000074e+01 1.927010400000000061e+02
1.647599999999999909e+01 1.904746200000000158e+02
1.649399999999999977e+01 1.883599199999999882e+02
1.651300000000000168e+01 1.862452199999999891e+02
1.653200000000000003e+01 1.841225399999999865e+02
1.655099999999999838e+01 1.819200600000000065e+02
1.656899999999999906e+01 1.798213199999999858e+02
1.658800000000000097e+01 1.777385400000000004e+02
1.660699999999999932e+01 1.756557600000000150e+02
1.662600000000000122e+01 1.735649999999999977e+02
1.664499999999999957e+01 1.714024200000000064e+02
1.666300000000000026e+01 1.693355999999999995e+02
1.668199999999999861e+01 1.672767600000000243e+02
1.670100000000000051e+01 1.652338799999999992e+02
1.671999999999999886e+01 1.631750399999999956e+02
1.673799999999999955e+01 1.610443800000000181e+02
1.675700000000000145e+01 1.590174599999999998e+02
1.677599999999999980e+01 1.569905400000000100e+02
1.679500000000000171e+01 1.549715999999999951e+02
1.681299999999999883e+01 1.528648799999999994e+02
1.683200000000000074e+01 1.508778599999999983e+02
1.685099999999999909e+01 1.488828599999999938e+02
1.687000000000000099e+01 1.468958399999999926e+02
1.688899999999999935e+01 1.449167999999999950e+02
1.690700000000000003e+01 1.428499799999999880e+02
1.692599999999999838e+01 1.408948800000000006e+02
1.694500000000000028e+01 1.389477600000000166e+02
1.696399999999999864e+01 1.369926600000000008e+02
1.698199999999999932e+01 1.349657400000000109e+02
1.700100000000000122e+01 1.330345799999999770e+02
1.701999999999999957e+01 1.311193800000000067e+02
1.703900000000000148e+01 1.292121600000000115e+02
1.705699999999999861e+01 1.273129199999999912e+02
1.707600000000000051e+01 1.253259000000000043e+02
1.709499999999999886e+01 1.234426200000000051e+02
1.711400000000000077e+01 1.215752999999999986e+02
1.713200000000000145e+01 1.197079800000000063e+02
1.715099999999999980e+01 1.178486400000000032e+02
1.717000000000000171e+01 1.159174800000000118e+02
1.718900000000000006e+01 1.140820799999999906e+02
1.720799999999999841e+01 1.122546600000000012e+02
1.722599999999999909e+01 1.104352200000000011e+02
1.724500000000000099e+01 1.085439599999999984e+02
1.726399999999999935e+01 1.067484599999999944e+02
1.728300000000000125e+01 1.049609399999999937e+02
1.730099999999999838e+01 1.031814000000000107e+02
1.732000000000000028e+01 1.014098400000000026e+02
1.733899999999999864e+01 9.957443999999999562e+01
1.735800000000000054e+01 9.782682000000001210e+01
1.737600000000000122e+01 9.609516000000000702e+01
1.739499999999999957e+01 9.437946000000000879e+01
1.741400000000000148e+01 9.265577999999999292e+01
1.743299999999999983e+01 9.087624000000000990e+01
1.745100000000000051e+01 8.918448000000000775e+01
1.746999999999999886e+01 8.750070000000000903e+01
1.748900000000000077e+01 8.583288000000000295e+01
1.750799999999999912e+01 8.409324000000000865e+01
1.752700000000000102e+01 8.244935999999999865e+01
1.754500000000000171e+01 8.081346000000000629e+01
1.756400000000000006e+01 7.919671200000000510e+01
1.758299999999999841e+01 7.758395399999999142e+01
1.760200000000000031e+01 7.590576000000000079e+01
1.762000000000000099e+01 7.432093199999999911e+01
1.763899999999999935e+01 7.274727599999999939e+01
1.765800000000000125e+01 7.118239800000000628e+01
1.767699999999999960e+01 6.955607399999999529e+01
1.769500000000000028e+01 6.801992400000000316e+01
1.771399999999999864e+01 6.649654200000000515e+01
1.773300000000000054e+01 6.498512999999999806e+01
1.775199999999999889e+01 6.348409199999999686e+01
1.776999999999999957e+01 6.192320399999999836e+01
1.778900000000000148e+01 6.045089399999999813e+01
1.780799999999999983e+01 5.899214999999999520e+01
1.782700000000000173e+01 5.754537599999999742e+01
1.784600000000000009e+01 5.611057199999999767e+01
1.786400000000000077e+01 5.461831199999999598e+01
1.788299999999999912e+01 5.321303400000000039e+01
1.790200000000000102e+01 5.181972599999999574e+01
1.792099999999999937e+01 5.043998399999999549e+01
1.793900000000000006e+01 4.900438199999999966e+01
1.795799999999999841e+01 4.765416599999999647e+01
1.797700000000000031e+01 4.631751599999999769e+01
1.799599999999999866e+01 4.499443200000000331e+01
1.801399999999999935e+01 4.368491399999999913e+01
1.803300000000000125e+01 4.232352600000000109e+01
1.805199999999999960e+01 4.104433200000000426e+01
1.807100000000000151e+01 3.977950199999999370e+01
1.808899999999999864e+01 3.852903600000000495e+01
1.810800000000000054e+01 3.729293400000000247e+01
1.812699999999999889e+01 3.600735600000000147e+01
1.814600000000000080e+01 3.480157799999999924e+01
1.816499999999999915e+01 3.361096200000000067e+01
1.818299999999999983e+01 3.243391199999999941e+01
1.820200000000000173e+01 3.121217400000000453e+01
1.822100000000000009e+01 3.006624599999999958e+01
1.823999999999999844e+01 2.893627800000000150e+01
1.825799999999999912e+01 2.782147199999999998e+01
1.827700000000000102e+01 2.672102999999999895e+01
1.829599999999999937e+01 2.557909200000000283e+01
1.831500000000000128e+01 2.451057000000000130e+01
1.833299999999999841e+01 2.345720999999999989e+01
1.835200000000000031e+01 2.241901200000000216e+01
1.837099999999999866e+01 2.134250999999999721e+01
1.839000000000000057e+01 2.033623200000000253e+01
1.840800000000000125e+01 1.934431800000000123e+01
1.842699999999999960e+01 1.836756600000000006e+01
1.844600000000000151e+01 1.740597599999999900e+01
1.846499999999999986e+01 1.640927399999999992e+01
1.848400000000000176e+01 1.547800800000000088e+01
1.850199999999999889e+01 1.456110600000000055e+01
1.852100000000000080e+01 1.365856799999999893e+01
1.853999999999999915e+01 1.276879799999999854e+01
1.855900000000000105e+01 1.184551200000000115e+01
1.857700000000000173e+01 1.098127799999999965e+01
1.859600000000000009e+01 1.012901399999999974e+01
1.861499999999999844e+01 9.285528000000001114e+00
1.863400000000000034e+01 8.404536000000000229e+00
1.865200000000000102e+01 7.573658400000000235e+00
1.867099999999999937e+01 6.743179800000000057e+00
1.869000000000000128e+01 5.907434399999999641e+00
1.870899999999999963e+01 5.056447200000000031e+00
1.872700000000000031e+01 4.124383199999999583e+00
1.874599999999999866e+01 3.170134799999999586e+00
1.876500000000000057e+01 2.053972199999999582e+00
