5.040000000000000209e-03 2.093000000000000000e+08
5.453699999999999694e-03 2.598609000000000298e+08
5.867500000000000319e-03 3.104277800000000000e+08
6.281199999999999804e-03 3.609886800000000000e+08
6.695000000000000430e-03 4.115555600000000000e+08
7.108699999999999915e-03 4.621164600000000000e+08
7.522499999999999673e-03 5.126833400000000596e+08
7.936199999999999158e-03 5.632442400000000000e+08
8.349900000000000377e-03 6.137872000000000000e+08
8.763699999999999268e-03 6.643780000000000000e+08
9.177400000000000488e-03 7.149090000000000000e+08
9.591199999999999379e-03 7.654998000000000000e+08
1.000500000000000000e-02 8.160906000000000000e+08
1.041899999999999944e-02 8.931728000000000000e+08
1.083199999999999961e-02 9.761154000000000000e+08
1.124600000000000079e-02 1.059058000000000000e+09
1.166000000000000023e-02 1.142060400000000000e+09
1.207399999999999966e-02 1.225003000000000000e+09
1.248699999999999984e-02 1.307945600000000000e+09
1.290099999999999927e-02 1.390948000000000000e+09
1.331500000000000045e-02 1.473890600000000000e+09
1.372899999999999988e-02 1.556833200000000000e+09
1.414200000000000006e-02 1.639835600000000000e+09
1.455599999999999949e-02 1.722778200000000000e+09
1.497000000000000067e-02 1.805780600000000000e+09
1.538400000000000011e-02 1.908098400000000000e+09
1.579699999999999854e-02 2.021479200000000000e+09
1.621099999999999972e-02 2.134919799999999762e+09
1.662500000000000089e-02 2.248300600000000000e+09
1.703899999999999859e-02 2.361681400000000000e+09
1.745199999999999876e-02 2.475122000000000000e+09
1.786599999999999994e-02 2.588502800000000000e+09
1.828000000000000111e-02 2.701883600000000000e+09
1.869399999999999881e-02 2.815324200000000000e+09
1.910699999999999898e-02 2.928705000000000000e+09
1.952100000000000016e-02 3.042085800000000000e+09
1.993500000000000133e-02 3.155526400000000000e+09
2.034899999999999903e-02 3.282541600000000000e+09
2.076199999999999921e-02 3.425882200000000000e+09
2.117600000000000038e-02 3.569222800000000000e+09
2.159000000000000155e-02 3.712563400000000000e+09
2.200300000000000172e-02 3.855963800000000000e+09
2.241699999999999943e-02 3.999304400000000477e+09
2.283100000000000060e-02 4.142645000000000000e+09
2.324499999999999830e-02 4.285985600000000000e+09
2.365799999999999847e-02 4.429326200000000000e+09
2.407199999999999965e-02 4.572666800000000000e+09
2.448600000000000082e-02 4.716007400000000000e+09
2.489999999999999852e-02 4.859348000000000000e+09
2.531299999999999870e-02 5.010402800000000000e+09
2.572699999999999987e-02 5.181729800000000000e+09
2.614100000000000104e-02 5.353056800000000000e+09
2.655499999999999874e-02 5.524383800000000000e+09
2.696799999999999892e-02 5.695710800000000000e+09
2.738200000000000009e-02 5.867037800000000000e+09
2.779600000000000126e-02 6.038604000000000000e+09
2.820999999999999897e-02 6.209632000000000000e+09
2.862299999999999914e-02 6.381258000000000000e+09
2.903700000000000031e-02 6.552286000000000000e+09
2.945100000000000148e-02 6.723912000000000000e+09
2.986499999999999919e-02 6.894940000000000000e+09
3.027799999999999936e-02 7.068958000000000000e+09
3.069200000000000053e-02 7.266896000000000000e+09
3.110600000000000170e-02 7.464236000000000000e+09
3.151999999999999941e-02 7.662174000000000000e+09
3.193300000000000305e-02 7.860112000000000000e+09
3.234700000000000075e-02 8.058050000000000954e+09
3.276099999999999846e-02 8.255987999999999046e+09
3.317500000000000310e-02 8.453328000000000954e+09
3.358799999999999980e-02 8.651266000000000000e+09
3.400199999999999750e-02 8.849204000000000000e+09
3.441600000000000215e-02 9.047142000000000000e+09
3.482999999999999985e-02 9.245080000000000000e+09
3.524299999999999655e-02 9.443018000000000000e+09
3.565700000000000119e-02 9.664278000000000000e+09
3.607099999999999890e-02 9.887930000000000000e+09
3.648499999999999660e-02 1.011218000000000000e+10
3.689800000000000024e-02 1.033583200000000000e+10
3.731199999999999795e-02 1.055948400000000000e+10
3.772600000000000259e-02 1.078373400000000000e+10
3.813899999999999929e-02 1.100738600000000000e+10
3.855299999999999699e-02 1.123163600000000000e+10
3.896700000000000164e-02 1.145528800000000000e+10
3.938099999999999934e-02 1.167894000000000000e+10
3.979400000000000298e-02 1.190319000000000000e+10
4.020800000000000068e-02 1.212684200000000000e+10
4.062199999999999839e-02 1.236783600000000000e+10
4.103600000000000303e-02 1.261540800000000000e+10
4.144899999999999973e-02 1.286238200000000000e+10
4.186299999999999744e-02 1.310995400000000000e+10
4.227700000000000208e-02 1.335752600000000000e+10
4.269099999999999978e-02 1.360509800000000000e+10
4.310400000000000342e-02 1.385207200000000000e+10
4.351800000000000113e-02 1.409964400000000000e+10
4.393199999999999883e-02 1.434721600000000000e+10
4.434599999999999653e-02 1.459478800000000000e+10
4.475900000000000017e-02 1.484176200000000000e+10
4.517299999999999788e-02 1.508933400000000000e+10
4.558700000000000252e-02 1.534886600000000000e+10
4.600100000000000022e-02 1.561916199999999809e+10
4.641399999999999693e-02 1.589005600000000000e+10
4.682800000000000157e-02 1.616035199999999809e+10
4.724199999999999927e-02 1.643064800000000000e+10
4.765599999999999697e-02 1.670154199999999809e+10
4.806900000000000062e-02 1.697183800000000000e+10
4.848299999999999832e-02 1.724213400000000000e+10
4.889700000000000296e-02 1.751302800000000000e+10
4.931100000000000066e-02 1.778332400000000000e+10
4.972399999999999737e-02 1.805362000000000000e+10
5.013800000000000201e-02 1.832451400000000000e+10
5.055199999999999971e-02 1.860258400000000000e+10
5.096599999999999742e-02 1.889560400000000000e+10
5.137900000000000106e-02 1.918862400000000000e+10
5.179299999999999876e-02 1.948164400000000000e+10
5.220700000000000340e-02 1.977466400000000000e+10
5.262100000000000111e-02 2.006768400000000000e+10
5.303399999999999781e-02 2.036130200000000000e+10
5.344800000000000245e-02 2.065432200000000000e+10
5.386200000000000015e-02 2.094734200000000000e+10
5.427599999999999786e-02 2.124036200000000000e+10
5.468900000000000150e-02 2.153338200000000000e+10
5.510299999999999920e-02 2.182640200000000000e+10
5.551699999999999691e-02 2.212241200000000000e+10
5.593000000000000055e-02 2.243576400000000000e+10
5.634399999999999825e-02 2.274911600000000000e+10
5.675800000000000289e-02 2.306246800000000000e+10
5.717200000000000060e-02 2.337522200000000000e+10
5.758499999999999730e-02 2.368857400000000000e+10
5.799900000000000194e-02 2.400192600000000000e+10
5.841299999999999965e-02 2.431527800000000000e+10
5.882699999999999735e-02 2.462803200000000000e+10
5.924000000000000099e-02 2.494138400000000000e+10
5.965399999999999869e-02 2.525473600000000000e+10
6.006800000000000334e-02 2.556808800000000000e+10
6.048200000000000104e-02 2.588084200000000000e+10
6.089499999999999774e-02 2.621333000000000000e+10
6.130900000000000238e-02 2.654522000000000000e+10
6.172300000000000009e-02 2.687770800000000000e+10
6.213699999999999779e-02 2.721019600000000000e+10
6.254999999999999449e-02 2.754268400000000000e+10
6.296400000000000607e-02 2.787457400000000000e+10
6.337800000000000378e-02 2.820706200000000000e+10
6.379200000000000148e-02 2.853955000000000000e+10
6.420499999999999818e-02 2.887203800000000000e+10
6.461899999999999589e-02 2.920392800000000000e+10
6.503299999999999359e-02 2.953641600000000000e+10
6.544700000000000517e-02 2.986890400000000000e+10
6.586000000000000187e-02 3.021634200000000000e+10
6.627399999999999958e-02 3.056736799999999619e+10
6.668799999999999728e-02 3.091839400000000000e+10
6.710199999999999498e-02 3.126882199999999619e+10
6.751500000000000556e-02 3.161984800000000000e+10
6.792900000000000327e-02 3.197087400000000381e+10
6.834300000000000097e-02 3.232190000000000000e+10
6.875699999999999867e-02 3.267292600000000000e+10
6.916999999999999538e-02 3.302395199999999619e+10
6.958399999999999308e-02 3.337497800000000000e+10
6.999800000000000466e-02 3.372600400000000381e+10
7.041200000000000236e-02 3.407702999999999619e+10
7.082499999999999907e-02 3.443822200000000000e+10
7.123899999999999677e-02 3.480539400000000000e+10
7.165299999999999447e-02 3.517256600000000000e+10
7.206600000000000505e-02 3.553973800000000000e+10
7.248000000000000276e-02 3.590691000000000000e+10
7.289400000000000046e-02 3.627408200000000000e+10
7.330799999999999816e-02 3.664125400000000000e+10
7.372099999999999487e-02 3.700842600000000000e+10
7.413500000000000645e-02 3.737559800000000000e+10
7.454900000000000415e-02 3.774277000000000000e+10
7.496300000000000185e-02 3.810994200000000000e+10
7.537599999999999856e-02 3.847711400000000000e+10
7.578999999999999626e-02 3.885146200000000000e+10
7.620399999999999396e-02 3.923478000000000000e+10
7.661800000000000554e-02 3.961809800000000000e+10
7.703100000000000225e-02 4.000201400000000000e+10
7.744499999999999995e-02 4.038533200000000000e+10
7.785899999999999765e-02 4.076865000000000000e+10
7.827299999999999536e-02 4.115196800000000000e+10
7.868600000000000594e-02 4.153528600000000000e+10
7.910000000000000364e-02 4.191860400000000000e+10
7.951400000000000134e-02 4.230192200000000000e+10
7.992799999999999905e-02 4.268583800000000000e+10
8.034099999999999575e-02 4.306915600000000000e+10
8.075499999999999345e-02 4.345606200000000000e+10
8.116900000000000504e-02 4.385433000000000000e+10
8.158300000000000274e-02 4.425259800000000000e+10
8.199599999999999944e-02 4.465026800000000000e+10
8.240999999999999714e-02 4.504853600000000000e+10
8.282399999999999485e-02 4.544680400000000000e+10
8.323800000000000643e-02 4.584507200000000000e+10
8.365100000000000313e-02 4.624274200000000000e+10
8.406500000000000083e-02 4.664101000000000000e+10
8.447899999999999854e-02 4.703927800000000000e+10
8.489299999999999624e-02 4.743754600000000000e+10
8.530600000000000682e-02 4.783581400000000000e+10
8.572000000000000453e-02 4.823468000000000000e+10
8.613400000000000223e-02 4.864610400000000000e+10
8.654799999999999993e-02 4.905752800000000000e+10
8.696099999999999663e-02 4.946895200000000000e+10
8.737499999999999434e-02 4.988037600000000000e+10
8.778900000000000592e-02 5.029180000000000000e+10
8.820200000000000262e-02 5.070322400000000000e+10
8.861600000000000033e-02 5.111405000000000000e+10
8.902999999999999803e-02 5.152547400000000000e+10
8.944399999999999573e-02 5.193689800000000000e+10
8.985700000000000631e-02 5.234832200000000000e+10
9.027100000000000402e-02 5.275974600000000000e+10
9.068500000000000172e-02 5.317117000000000000e+10
9.109899999999999942e-02 5.359335800000000000e+10
9.151199999999999612e-02 5.401614400000000000e+10
9.192599999999999383e-02 5.443952800000000000e+10
9.234000000000000541e-02 5.486231400000000000e+10
9.275400000000000311e-02 5.528569800000000000e+10
9.316699999999999982e-02 5.570908200000000000e+10
9.358099999999999752e-02 5.613186800000000000e+10
9.399499999999999522e-02 5.655525200000000000e+10
9.440900000000000680e-02 5.697863600000000000e+10
9.482200000000000351e-02 5.740142200000000000e+10
9.523600000000000121e-02 5.782480600000000000e+10
9.564999999999999891e-02 5.824819000000000000e+10
9.606399999999999662e-02 5.867934800000000000e+10
9.647699999999999332e-02 5.911469200000000000e+10
9.689100000000000490e-02 5.954943800000000000e+10
9.730500000000000260e-02 5.998538000000000763e+10
9.771900000000000031e-02 6.042192000000000000e+10
9.813199999999999701e-02 6.085248000000000000e+10
9.854599999999999471e-02 6.128901999999999237e+10
9.896000000000000629e-02 6.172556000000000000e+10
9.937400000000000400e-02 6.215612000000000763e+10
9.978700000000000070e-02 6.259266000000000000e+10
1.001999999999999974e-01 6.302920000000000000e+10
1.006100000000000050e-01 6.346573999999999237e+10
1.010299999999999948e-01 6.390228000000000000e+10
1.014400000000000024e-01 6.435078000000000000e+10
1.018600000000000061e-01 6.479329999999999237e+10
1.022699999999999998e-01 6.523582000000000000e+10
1.026799999999999935e-01 6.568432000000000000e+10
1.030999999999999972e-01 6.612683999999999237e+10
1.035100000000000048e-01 6.657534000000000000e+10
1.039199999999999985e-01 6.701786000000000000e+10
1.043400000000000022e-01 6.746038000000000763e+10
1.047499999999999959e-01 6.790888000000000000e+10
1.051699999999999996e-01 6.835140000000000000e+10
1.055799999999999933e-01 6.879392000000000000e+10
1.059900000000000009e-01 6.924242000000000000e+10
1.064100000000000046e-01 6.969690000000000000e+10
1.068199999999999983e-01 7.015138000000000000e+10
1.072300000000000059e-01 7.060586000000000000e+10
1.076499999999999957e-01 7.106034000000000000e+10
1.080600000000000033e-01 7.151482000000000000e+10
1.084799999999999931e-01 7.196332000000000000e+10
1.088900000000000007e-01 7.241780000000000000e+10
1.092999999999999944e-01 7.287228000000000000e+10
1.097199999999999981e-01 7.332676000000000000e+10
1.101300000000000057e-01 7.378124000000000000e+10
1.105399999999999994e-01 7.423572000000000000e+10
1.109600000000000031e-01 7.469020000000000000e+10
1.113699999999999968e-01 7.515066000000000000e+10
1.117900000000000005e-01 7.561112000000000000e+10
1.121999999999999942e-01 7.607158000000000000e+10
1.126100000000000018e-01 7.653204000000000000e+10
1.130300000000000055e-01 7.699848000000000000e+10
1.134399999999999992e-01 7.745894000000000000e+10
1.138500000000000068e-01 7.791940000000000000e+10
1.142699999999999966e-01 7.837986000000000000e+10
1.146800000000000042e-01 7.884032000000000000e+10
1.150999999999999940e-01 7.930078000000000000e+10
1.155100000000000016e-01 7.976722000000000000e+10
1.159199999999999953e-01 8.022768000000000000e+10
1.163399999999999990e-01 8.069412000000000000e+10
1.167500000000000066e-01 8.116056000000000000e+10
1.171600000000000003e-01 8.162700000000000000e+10
1.175800000000000040e-01 8.209942000000000000e+10
1.179899999999999977e-01 8.256586000000000000e+10
1.184100000000000014e-01 8.303230000000000000e+10
1.188199999999999951e-01 8.349874000000000000e+10
1.192300000000000026e-01 8.397116000000000000e+10
1.196500000000000064e-01 8.443760000000000000e+10
1.200600000000000001e-01 8.490404000000000000e+10
1.204699999999999938e-01 8.537048000000000000e+10
1.208899999999999975e-01 8.584290000000000000e+10
1.213000000000000050e-01 8.631532000000000000e+10
1.217199999999999949e-01 8.678774000000000000e+10
1.221300000000000024e-01 8.726016000000000000e+10
1.225399999999999961e-01 8.773258000000000000e+10
1.229599999999999999e-01 8.820500000000000000e+10
1.233699999999999936e-01 8.868340000000000000e+10
1.237800000000000011e-01 8.915582000000000000e+10
1.242000000000000048e-01 8.962824000000000000e+10
1.246099999999999985e-01 9.010066000000000000e+10
1.250300000000000022e-01 9.057906000000000000e+10
1.254399999999999959e-01 9.105148000000000000e+10
1.258499999999999897e-01 9.152390000000000000e+10
1.262699999999999934e-01 9.200230000000000000e+10
1.266799999999999871e-01 9.247472000000000000e+10
1.270900000000000085e-01 9.295312000000000000e+10
1.275100000000000122e-01 9.343152000000000000e+10
1.279200000000000059e-01 9.390992000000000000e+10
1.283400000000000096e-01 9.438832000000000000e+10
1.287500000000000033e-01 9.486672000000000000e+10
1.291599999999999970e-01 9.534512000000000000e+10
1.295800000000000007e-01 9.582352000000000000e+10
1.299899999999999944e-01 9.630192000000000000e+10
1.303999999999999881e-01 9.677434000000000000e+10
1.308199999999999918e-01 9.725274000000000000e+10
1.312300000000000133e-01 9.773114000000000000e+10
1.316499999999999893e-01 9.821552000000000000e+10
1.320600000000000107e-01 9.869990000000000000e+10
1.324700000000000044e-01 9.917830000000000000e+10
1.328900000000000081e-01 9.966268000000000000e+10
1.333000000000000018e-01 1.001410800000000000e+11
1.337099999999999955e-01 1.006254600000000000e+11
1.341299999999999992e-01 1.011038600000000000e+11
1.345399999999999929e-01 1.015882400000000000e+11
1.349599999999999966e-01 1.020666400000000000e+11
1.353699999999999903e-01 1.025510200000000000e+11
1.357800000000000118e-01 1.030294200000000000e+11
1.361999999999999877e-01 1.035138000000000000e+11
1.366100000000000092e-01 1.039981800000000000e+11
1.370200000000000029e-01 1.044825600000000000e+11
1.374400000000000066e-01 1.049669400000000000e+11
1.378500000000000003e-01 1.054513200000000000e+11
1.382700000000000040e-01 1.059357000000000000e+11
1.386799999999999977e-01 1.064200800000000000e+11
1.390899999999999914e-01 1.069044600000000000e+11
1.395099999999999951e-01 1.073888400000000000e+11
1.399199999999999888e-01 1.078732200000000000e+11
1.403300000000000103e-01 1.083576000000000000e+11
1.407499999999999862e-01 1.088419800000000000e+11
1.411600000000000077e-01 1.093263600000000000e+11
1.415800000000000114e-01 1.098107400000000000e+11
1.419900000000000051e-01 1.103011000000000000e+11
1.423999999999999988e-01 1.107854800000000000e+11
1.428200000000000025e-01 1.112698600000000000e+11
1.432299999999999962e-01 1.117542400000000000e+11
1.436399999999999899e-01 1.122386200000000000e+11
1.440599999999999936e-01 1.127289800000000000e+11
1.444699999999999873e-01 1.132133600000000000e+11
1.448899999999999910e-01 1.136977400000000000e+11
1.453000000000000125e-01 1.141821200000000000e+11
1.457100000000000062e-01 1.146665000000000000e+11
1.461300000000000099e-01 1.151568600000000000e+11
1.465400000000000036e-01 1.156412400000000000e+11
1.469499999999999973e-01 1.161256200000000000e+11
1.473700000000000010e-01 1.166159800000000000e+11
1.477799999999999947e-01 1.171003600000000000e+11
1.481999999999999984e-01 1.175847400000000000e+11
1.486099999999999921e-01 1.180751000000000000e+11
1.490200000000000136e-01 1.185594800000000000e+11
1.494399999999999895e-01 1.190438600000000000e+11
1.498500000000000110e-01 1.195342200000000000e+11
1.502600000000000047e-01 1.200186000000000000e+11
1.506800000000000084e-01 1.205029800000000000e+11
1.510900000000000021e-01 1.209933400000000000e+11
1.515100000000000058e-01 1.214777200000000000e+11
1.519199999999999995e-01 1.219620999999999847e+11
1.523299999999999932e-01 1.224464800000000000e+11
1.527499999999999969e-01 1.229368400000000000e+11
1.531599999999999906e-01 1.234212199999999847e+11
1.535700000000000121e-01 1.239056000000000000e+11
1.539899999999999880e-01 1.243899799999999847e+11
1.544000000000000095e-01 1.248743600000000000e+11
1.548200000000000132e-01 1.253587399999999847e+11
1.552300000000000069e-01 1.258490999999999847e+11
1.556400000000000006e-01 1.263334800000000000e+11
1.560600000000000043e-01 1.268178599999999847e+11
1.564699999999999980e-01 1.273022400000000000e+11
1.568799999999999917e-01 1.277866199999999847e+11
1.572999999999999954e-01 1.282710000000000000e+11
1.577099999999999891e-01 1.287553799999999847e+11
1.581299999999999928e-01 1.292397600000000000e+11
1.585399999999999865e-01 1.297241399999999847e+11
1.589500000000000079e-01 1.302085200000000000e+11
1.593700000000000117e-01 1.306929000000000153e+11
1.597800000000000054e-01 1.311772800000000000e+11
1.601899999999999991e-01 1.316616600000000153e+11
1.606100000000000028e-01 1.321460400000000000e+11
1.610199999999999965e-01 1.326244400000000000e+11
1.614400000000000002e-01 1.331088200000000153e+11
1.618499999999999939e-01 1.335932000000000000e+11
1.622599999999999876e-01 1.340716000000000000e+11
1.626799999999999913e-01 1.345559800000000153e+11
1.630900000000000127e-01 1.350343800000000153e+11
1.635000000000000064e-01 1.355187600000000000e+11
1.639200000000000101e-01 1.359971600000000000e+11
1.643300000000000038e-01 1.364815400000000153e+11
1.647500000000000075e-01 1.369659200000000000e+11
1.651600000000000013e-01 1.374443200000000000e+11
1.655699999999999950e-01 1.379287000000000000e+11
1.659899999999999987e-01 1.384071000000000000e+11
1.663999999999999924e-01 1.388914800000000000e+11
1.668100000000000138e-01 1.393639000000000000e+11
1.672299999999999898e-01 1.398423000000000000e+11
1.676400000000000112e-01 1.403207000000000000e+11
1.680599999999999872e-01 1.407991000000000000e+11
1.684700000000000086e-01 1.412775000000000000e+11
1.688800000000000023e-01 1.417559000000000000e+11
1.693000000000000060e-01 1.422343000000000000e+11
1.697099999999999997e-01 1.427127000000000000e+11
1.701199999999999934e-01 1.431851200000000000e+11
1.705399999999999971e-01 1.436635200000000000e+11
1.709499999999999909e-01 1.441419200000000000e+11
1.713600000000000123e-01 1.446203200000000000e+11
1.717799999999999883e-01 1.450927400000000000e+11
1.721900000000000097e-01 1.455651600000000000e+11
1.726100000000000134e-01 1.460435600000000000e+11
1.730200000000000071e-01 1.465159800000000000e+11
1.734300000000000008e-01 1.469884000000000000e+11
1.738500000000000045e-01 1.474608200000000000e+11
1.742599999999999982e-01 1.479332400000000000e+11
1.746699999999999919e-01 1.484056600000000000e+11
1.750899999999999956e-01 1.488780800000000000e+11
1.754999999999999893e-01 1.493505000000000000e+11
1.759199999999999930e-01 1.498289000000000000e+11
1.763299999999999867e-01 1.503013200000000000e+11
1.767400000000000082e-01 1.507677600000000000e+11
1.771600000000000119e-01 1.512401800000000000e+11
1.775700000000000056e-01 1.517066200000000000e+11
1.779799999999999993e-01 1.521730600000000000e+11
1.784000000000000030e-01 1.526454800000000000e+11
1.788099999999999967e-01 1.531119200000000000e+11
1.792300000000000004e-01 1.535783600000000000e+11
1.796399999999999941e-01 1.540448000000000000e+11
1.800499999999999878e-01 1.545172200000000000e+11
1.804699999999999915e-01 1.549836600000000000e+11
1.808800000000000130e-01 1.554501000000000000e+11
1.812900000000000067e-01 1.559225200000000000e+11
1.817100000000000104e-01 1.563829800000000000e+11
1.821200000000000041e-01 1.568434400000000000e+11
1.825400000000000078e-01 1.573039000000000000e+11
1.829500000000000015e-01 1.577703400000000000e+11
1.833599999999999952e-01 1.582308000000000000e+11
1.837799999999999989e-01 1.586912600000000000e+11
1.841899999999999926e-01 1.591517200000000000e+11
1.845999999999999863e-01 1.596121800000000000e+11
1.850199999999999900e-01 1.600726400000000000e+11
1.854300000000000115e-01 1.605331000000000000e+11
1.858499999999999874e-01 1.609935600000000000e+11
1.862600000000000089e-01 1.614540200000000000e+11
1.866700000000000026e-01 1.619144800000000000e+11
1.870900000000000063e-01 1.623689600000000000e+11
1.875000000000000000e-01 1.628234400000000000e+11
1.879099999999999937e-01 1.632779200000000000e+11
1.883299999999999974e-01 1.637324000000000000e+11
1.887399999999999911e-01 1.641868800000000000e+11
1.891599999999999948e-01 1.646353800000000000e+11
1.895699999999999885e-01 1.650898600000000000e+11
1.899800000000000100e-01 1.655443400000000000e+11
1.904000000000000137e-01 1.659988200000000000e+11
1.908100000000000074e-01 1.664533000000000000e+11
1.912200000000000011e-01 1.669077800000000000e+11
1.916400000000000048e-01 1.673622600000000000e+11
1.920499999999999985e-01 1.678047800000000000e+11
1.924700000000000022e-01 1.682532800000000000e+11
1.928799999999999959e-01 1.686958000000000000e+11
1.932899999999999896e-01 1.691443000000000000e+11
1.937099999999999933e-01 1.695868200000000000e+11
1.941199999999999870e-01 1.700353200000000000e+11
1.945300000000000085e-01 1.704838200000000000e+11
1.949500000000000122e-01 1.709263400000000000e+11
1.953600000000000059e-01 1.713748400000000000e+11
1.957800000000000096e-01 1.718173600000000000e+11
1.961900000000000033e-01 1.722658600000000000e+11
1.965999999999999970e-01 1.727083800000000000e+11
1.970200000000000007e-01 1.731449200000000000e+11
1.974299999999999944e-01 1.735814600000000000e+11
1.978399999999999881e-01 1.740180000000000000e+11
1.982599999999999918e-01 1.744545400000000000e+11
1.986700000000000133e-01 1.748910800000000000e+11
1.990899999999999892e-01 1.753276200000000000e+11
1.995000000000000107e-01 1.757641600000000000e+11
1.999100000000000044e-01 1.762007000000000000e+11
2.003300000000000081e-01 1.766372400000000000e+11
2.007400000000000018e-01 1.770737800000000000e+11
2.011499999999999955e-01 1.775103200000000000e+11
2.015699999999999992e-01 1.779468600000000000e+11
2.019799999999999929e-01 1.783714400000000000e+11
2.023999999999999966e-01 1.788020000000000000e+11
2.028099999999999903e-01 1.792265800000000000e+11
2.032200000000000117e-01 1.796511600000000000e+11
2.036399999999999877e-01 1.800757400000000000e+11
2.040500000000000091e-01 1.805063000000000000e+11
2.044600000000000029e-01 1.809308800000000000e+11
2.048800000000000066e-01 1.813554600000000000e+11
2.052900000000000003e-01 1.817800400000000000e+11
2.057100000000000040e-01 1.822106000000000000e+11
2.061199999999999977e-01 1.826351800000000000e+11
2.065299999999999914e-01 1.830597600000000000e+11
2.069499999999999951e-01 1.834783600000000000e+11
2.073599999999999888e-01 1.838909800000000000e+11
2.077700000000000102e-01 1.843036000000000000e+11
2.081899999999999862e-01 1.847222000000000000e+11
2.086000000000000076e-01 1.851348200000000000e+11
2.090200000000000113e-01 1.855474400000000000e+11
2.094300000000000050e-01 1.859600600000000000e+11
2.098399999999999987e-01 1.863786600000000000e+11
2.102600000000000025e-01 1.867912800000000000e+11
2.106699999999999962e-01 1.872039000000000000e+11
2.110799999999999899e-01 1.876165200000000000e+11
2.114999999999999936e-01 1.880351200000000000e+11
2.119099999999999873e-01 1.884417600000000000e+11
2.123299999999999910e-01 1.888424200000000000e+11
2.127400000000000124e-01 1.892490600000000000e+11
2.131500000000000061e-01 1.896497200000000000e+11
2.135700000000000098e-01 1.900503800000000000e+11
2.139800000000000035e-01 1.904570200000000000e+11
2.143899999999999972e-01 1.908576800000000000e+11
2.148100000000000009e-01 1.912643200000000000e+11
2.152199999999999946e-01 1.916649800000000000e+11
2.156399999999999983e-01 1.920656400000000000e+11
2.160499999999999921e-01 1.924722800000000000e+11
2.164600000000000135e-01 1.928729400000000000e+11
2.168799999999999895e-01 1.932736000000000000e+11
2.172900000000000109e-01 1.936623000000000000e+11
2.177000000000000046e-01 1.940510000000000000e+11
2.181200000000000083e-01 1.944456800000000000e+11
2.185300000000000020e-01 1.948343800000000000e+11
2.189500000000000057e-01 1.952230800000000000e+11
2.193599999999999994e-01 1.956117800000000000e+11
2.197699999999999931e-01 1.960004800000000000e+11
2.201899999999999968e-01 1.963891800000000000e+11
2.205999999999999905e-01 1.967838600000000000e+11
2.210100000000000120e-01 1.971725600000000000e+11
2.214299999999999879e-01 1.975612600000000000e+11
2.218400000000000094e-01 1.979499600000000000e+11
2.222600000000000131e-01 1.983267000000000000e+11
2.226700000000000068e-01 1.986974600000000000e+11
2.230800000000000005e-01 1.990742000000000000e+11
2.235000000000000042e-01 1.994509400000000000e+11
2.239099999999999979e-01 1.998276800000000000e+11
2.243199999999999916e-01 2.002044200000000000e+11
2.247399999999999953e-01 2.005751800000000000e+11
2.251499999999999890e-01 2.009519200000000000e+11
2.255699999999999927e-01 2.013286600000000000e+11
2.259799999999999864e-01 2.017054000000000000e+11
2.263900000000000079e-01 2.020821400000000000e+11
2.268100000000000116e-01 2.024529000000000000e+11
2.272200000000000053e-01 2.028176800000000000e+11
2.276299999999999990e-01 2.031764800000000000e+11
2.280500000000000027e-01 2.035412600000000000e+11
2.284599999999999964e-01 2.039000600000000000e+11
2.288800000000000001e-01 2.042588600000000000e+11
2.292899999999999938e-01 2.046236400000000000e+11
2.296999999999999875e-01 2.049824400000000000e+11
2.301199999999999912e-01 2.053412400000000000e+11
2.305300000000000127e-01 2.057060200000000000e+11
2.309400000000000064e-01 2.060648200000000000e+11
2.313600000000000101e-01 2.064236200000000000e+11
2.317700000000000038e-01 2.067884000000000000e+11
2.321900000000000075e-01 2.071352400000000000e+11
2.326000000000000012e-01 2.074820800000000000e+11
2.330099999999999949e-01 2.078289200000000000e+11
2.334299999999999986e-01 2.081697800000000000e+11
2.338399999999999923e-01 2.085166200000000000e+11
2.342500000000000138e-01 2.088634600000000000e+11
2.346699999999999897e-01 2.092103000000000000e+11
2.350800000000000112e-01 2.095571400000000000e+11
2.354999999999999871e-01 2.098980000000000000e+11
2.359100000000000086e-01 2.102448400000000000e+11
2.363200000000000023e-01 2.105916800000000000e+11
2.367400000000000060e-01 2.109385200000000000e+11
2.371499999999999997e-01 2.112734000000000000e+11
2.375599999999999934e-01 2.116023000000000000e+11
2.379799999999999971e-01 2.119312000000000000e+11
2.383899999999999908e-01 2.122541200000000000e+11
2.388099999999999945e-01 2.125830200000000000e+11
2.392199999999999882e-01 2.129119200000000000e+11
2.396300000000000097e-01 2.132408200000000000e+11
2.400500000000000134e-01 2.135697200000000000e+11
2.404600000000000071e-01 2.138986200000000000e+11
2.408700000000000008e-01 2.142215400000000000e+11
2.412900000000000045e-01 2.145504400000000000e+11
2.416999999999999982e-01 2.148793400000000000e+11
2.421200000000000019e-01 2.152022600000000000e+11
2.425299999999999956e-01 2.155132200000000000e+11
2.429399999999999893e-01 2.158241800000000000e+11
2.433599999999999930e-01 2.161351400000000000e+11
2.437699999999999867e-01 2.164461000000000000e+11
2.441800000000000082e-01 2.167570600000000000e+11
2.446000000000000119e-01 2.170680200000000000e+11
2.450100000000000056e-01 2.173730000000000000e+11
2.454300000000000093e-01 2.176839600000000000e+11
2.458400000000000030e-01 2.179949200000000000e+11
2.462499999999999967e-01 2.183058800000000000e+11
2.466700000000000004e-01 2.186168400000000000e+11
2.470799999999999941e-01 2.189278000000000000e+11
2.474899999999999878e-01 2.192148400000000000e+11
2.479099999999999915e-01 2.195078600000000000e+11
2.483200000000000129e-01 2.198008800000000000e+11
2.487399999999999889e-01 2.200939000000000000e+11
2.491500000000000103e-01 2.203869200000000000e+11
2.495600000000000041e-01 2.206799400000000000e+11
2.499800000000000078e-01 2.209729600000000000e+11
2.503900000000000015e-01 2.212600000000000000e+11
2.508000000000000229e-01 2.215530200000000000e+11
2.512199999999999989e-01 2.218460400000000000e+11
2.516300000000000203e-01 2.221390600000000000e+11
2.520499999999999963e-01 2.224320800000000000e+11
2.524600000000000177e-01 2.227011800000000000e+11
2.528699999999999837e-01 2.229762600000000000e+11
2.532900000000000151e-01 2.232453600000000000e+11
2.536999999999999811e-01 2.235204400000000000e+11
2.541100000000000025e-01 2.237895400000000000e+11
2.545299999999999785e-01 2.240646200000000000e+11
2.549399999999999999e-01 2.243397000000000000e+11
2.553500000000000214e-01 2.246088000000000000e+11
2.557699999999999974e-01 2.248838800000000000e+11
2.561800000000000188e-01 2.251529800000000000e+11
2.565999999999999948e-01 2.254280600000000000e+11
2.570100000000000162e-01 2.256971600000000000e+11
2.574199999999999822e-01 2.259543000000000000e+11
2.578400000000000136e-01 2.262054600000000000e+11
2.582499999999999796e-01 2.264566200000000000e+11
2.586600000000000010e-01 2.267077800000000000e+11
2.590799999999999770e-01 2.269589400000000000e+11
2.594899999999999984e-01 2.272160800000000000e+11
2.599099999999999744e-01 2.274672400000000000e+11
2.603199999999999958e-01 2.277184000000000000e+11
2.607300000000000173e-01 2.279695600000000000e+11
2.611499999999999932e-01 2.282207200000000000e+11
2.615600000000000147e-01 2.284718800000000000e+11
2.619699999999999807e-01 2.287230400000000000e+11
2.623900000000000121e-01 2.289622400000000000e+11
2.627999999999999781e-01 2.291894800000000000e+11
2.632200000000000095e-01 2.294227000000000000e+11
2.636299999999999755e-01 2.296499400000000000e+11
2.640399999999999969e-01 2.298831600000000000e+11
2.644599999999999729e-01 2.301104000000000000e+11
2.648699999999999943e-01 2.303436200000000000e+11
2.652800000000000158e-01 2.305708600000000000e+11
2.656999999999999917e-01 2.308040800000000000e+11
2.661100000000000132e-01 2.310313200000000000e+11
2.665299999999999891e-01 2.312645400000000000e+11
2.669400000000000106e-01 2.314917800000000000e+11
2.673499999999999766e-01 2.317130400000000000e+11
2.677700000000000080e-01 2.319223400000000000e+11
2.681799999999999740e-01 2.321316400000000000e+11
2.685899999999999954e-01 2.323349600000000000e+11
2.690100000000000269e-01 2.325442600000000000e+11
2.694199999999999928e-01 2.327535600000000000e+11
2.698400000000000243e-01 2.329568800000000000e+11
2.702499999999999902e-01 2.331661800000000000e+11
2.706600000000000117e-01 2.333754800000000000e+11
2.710799999999999876e-01 2.335847800000000000e+11
2.714900000000000091e-01 2.337881000000000000e+11
2.718999999999999750e-01 2.339974000000000000e+11
2.723200000000000065e-01 2.342007200000000000e+11
2.727299999999999724e-01 2.343801200000000000e+11
2.731500000000000039e-01 2.345655000000000000e+11
2.735600000000000254e-01 2.347508800000000000e+11
2.739699999999999913e-01 2.349362600000000000e+11
2.743900000000000228e-01 2.351156600000000000e+11
2.747999999999999887e-01 2.353010400000000000e+11
2.752100000000000102e-01 2.354864200000000000e+11
2.756299999999999861e-01 2.356718000000000000e+11
2.760400000000000076e-01 2.358571800000000000e+11
2.764599999999999835e-01 2.360365800000000000e+11
2.768700000000000050e-01 2.362219600000000000e+11
2.772800000000000264e-01 2.364013600000000000e+11
2.777000000000000024e-01 2.365628200000000000e+11
2.781100000000000239e-01 2.367242800000000000e+11
2.785199999999999898e-01 2.368797600000000000e+11
2.789400000000000213e-01 2.370412200000000000e+11
2.793499999999999872e-01 2.372026800000000000e+11
2.797700000000000187e-01 2.373641400000000000e+11
2.801799999999999846e-01 2.375196200000000000e+11
2.805900000000000061e-01 2.376810800000000000e+11
2.810099999999999820e-01 2.378425400000000000e+11
2.814200000000000035e-01 2.379980200000000000e+11
2.818300000000000249e-01 2.381594800000000000e+11
2.822500000000000009e-01 2.383209400000000000e+11
2.826600000000000223e-01 2.384525000000000000e+11
2.830799999999999983e-01 2.385900400000000000e+11
2.834900000000000198e-01 2.387216000000000000e+11
2.838999999999999857e-01 2.388531600000000000e+11
2.843200000000000172e-01 2.389907000000000000e+11
2.847299999999999831e-01 2.391222600000000000e+11
2.851400000000000046e-01 2.392598000000000305e+11
2.855599999999999805e-01 2.393913599999999695e+11
2.859700000000000020e-01 2.395288999999999695e+11
2.863899999999999779e-01 2.396604600000000000e+11
2.867999999999999994e-01 2.397920200000000000e+11
2.872100000000000208e-01 2.399295600000000000e+11
2.876299999999999968e-01 2.400431800000000000e+11
2.880400000000000182e-01 2.401448399999999695e+11
2.884499999999999842e-01 2.402524800000000000e+11
2.888700000000000156e-01 2.403601200000000000e+11
2.892799999999999816e-01 2.404677600000000305e+11
2.897000000000000131e-01 2.405753999999999695e+11
2.901099999999999790e-01 2.406830400000000000e+11
2.905200000000000005e-01 2.407847000000000305e+11
2.909399999999999764e-01 2.408923400000000000e+11
2.913499999999999979e-01 2.409999800000000000e+11
2.917600000000000193e-01 2.411076200000000305e+11
2.921799999999999953e-01 2.412152599999999695e+11
2.925900000000000167e-01 2.413049599999999695e+11
2.930099999999999927e-01 2.413827000000000000e+11
2.934200000000000141e-01 2.414604400000000000e+11
2.938299999999999801e-01 2.415381800000000305e+11
2.942500000000000115e-01 2.416159200000000000e+11
2.946599999999999775e-01 2.416996400000000305e+11
2.950699999999999990e-01 2.417773800000000000e+11
2.954899999999999749e-01 2.418551200000000305e+11
2.958999999999999964e-01 2.419328600000000000e+11
2.963199999999999723e-01 2.420105999999999695e+11
2.967299999999999938e-01 2.420943200000000000e+11
2.971400000000000152e-01 2.421720599999999695e+11
2.975599999999999912e-01 2.422378399999999695e+11
2.979700000000000126e-01 2.422856799999999695e+11
2.983799999999999786e-01 2.423395000000000000e+11
2.988000000000000100e-01 2.423873400000000000e+11
2.992099999999999760e-01 2.424351800000000000e+11
2.996300000000000074e-01 2.424830200000000000e+11
3.000399999999999734e-01 2.425308600000000000e+11
3.004499999999999948e-01 2.425846800000000305e+11
3.008700000000000263e-01 2.426325200000000305e+11
3.012799999999999923e-01 2.426803600000000000e+11
3.016900000000000137e-01 2.427282000000000000e+11
3.021099999999999897e-01 2.427760400000000000e+11
3.025200000000000111e-01 2.428238800000000000e+11
3.029399999999999871e-01 2.428418200000000000e+11
3.033500000000000085e-01 2.428597600000000305e+11
3.037599999999999745e-01 2.428776999999999695e+11
3.041800000000000059e-01 2.428956400000000000e+11
3.045900000000000274e-01 2.429195600000000000e+11
3.049999999999999933e-01 2.429375000000000000e+11
3.054200000000000248e-01 2.429554400000000000e+11
3.058299999999999907e-01 2.429733800000000305e+11
3.062500000000000222e-01 2.429913199999999695e+11
3.066599999999999882e-01 2.430152399999999695e+11
3.070700000000000096e-01 2.430331800000000000e+11
3.074899999999999856e-01 2.430511200000000000e+11
3.079000000000000070e-01 2.430391599999999695e+11
3.083099999999999730e-01 2.430272000000000000e+11
3.087300000000000044e-01 2.430092600000000000e+11
3.091400000000000259e-01 2.429973000000000305e+11
3.095600000000000018e-01 2.429853400000000000e+11
3.099700000000000233e-01 2.429733800000000305e+11
3.103799999999999892e-01 2.429554400000000000e+11
3.108000000000000207e-01 2.429434800000000000e+11
3.112099999999999866e-01 2.429315200000000000e+11
3.116200000000000081e-01 2.429195600000000000e+11
3.120399999999999840e-01 2.429076000000000305e+11
3.124500000000000055e-01 2.428896600000000000e+11
3.128699999999999815e-01 2.428478000000000000e+11
3.132800000000000029e-01 2.428059400000000000e+11
3.136900000000000244e-01 2.427581000000000000e+11
3.141100000000000003e-01 2.427102600000000000e+11
3.145200000000000218e-01 2.426624200000000000e+11
3.149299999999999877e-01 2.426145800000000000e+11
3.153500000000000192e-01 2.425727200000000000e+11
3.157599999999999851e-01 2.425248800000000000e+11
3.161800000000000166e-01 2.424770400000000000e+11
3.165899999999999825e-01 2.424292000000000305e+11
3.170000000000000040e-01 2.423873400000000000e+11
3.174199999999999799e-01 2.423395000000000000e+11
3.178300000000000014e-01 2.422677400000000305e+11
3.182400000000000229e-01 2.421840200000000000e+11
3.186599999999999988e-01 2.421062800000000305e+11
3.190700000000000203e-01 2.420225600000000000e+11
3.194899999999999962e-01 2.419448199999999695e+11
3.199000000000000177e-01 2.418611000000000000e+11
3.203099999999999836e-01 2.417773800000000000e+11
3.207300000000000151e-01 2.416996400000000305e+11
3.211399999999999810e-01 2.416159200000000000e+11
3.215500000000000025e-01 2.415321999999999695e+11
3.219699999999999784e-01 2.414544600000000000e+11
3.223799999999999999e-01 2.413707400000000000e+11
3.227999999999999758e-01 2.412750600000000000e+11
3.232099999999999973e-01 2.411554600000000000e+11
3.236200000000000188e-01 2.410358600000000305e+11
3.240399999999999947e-01 2.409162599999999695e+11
3.244500000000000162e-01 2.407966600000000000e+11
3.248599999999999821e-01 2.406770600000000000e+11
3.252800000000000136e-01 2.405574600000000305e+11
3.256899999999999795e-01 2.404438400000000305e+11
3.261100000000000110e-01 2.403242399999999695e+11
3.265199999999999769e-01 2.402046400000000000e+11
3.269299999999999984e-01 2.400850400000000000e+11
3.273499999999999743e-01 2.399654400000000305e+11
3.277599999999999958e-01 2.398338800000000000e+11
3.281700000000000172e-01 2.396784000000000000e+11
3.285899999999999932e-01 2.395229200000000000e+11
3.290000000000000147e-01 2.393674399999999695e+11
3.294199999999999906e-01 2.392059800000000000e+11
3.298300000000000121e-01 2.390505000000000000e+11
3.302399999999999780e-01 2.388950200000000000e+11
3.306600000000000095e-01 2.387335600000000000e+11
3.310699999999999754e-01 2.385780800000000000e+11
3.314799999999999969e-01 2.384226000000000000e+11
3.318999999999999728e-01 2.382671200000000000e+11
3.323099999999999943e-01 2.381056600000000000e+11
3.327300000000000257e-01 2.379442000000000000e+11
3.331399999999999917e-01 2.377468600000000000e+11
3.335500000000000131e-01 2.375495200000000000e+11
3.339699999999999891e-01 2.373521800000000000e+11
3.343800000000000106e-01 2.371548400000000000e+11
3.347899999999999765e-01 2.369575000000000000e+11
3.352100000000000080e-01 2.367601600000000000e+11
3.356199999999999739e-01 2.365628200000000000e+11
3.360299999999999954e-01 2.363654800000000000e+11
3.364500000000000268e-01 2.361681400000000000e+11
3.368599999999999928e-01 2.359708000000000000e+11
3.372800000000000242e-01 2.357674800000000000e+11
3.376899999999999902e-01 2.355701400000000000e+11
3.381000000000000116e-01 2.353369200000000000e+11
3.385199999999999876e-01 2.350917400000000000e+11
3.389300000000000090e-01 2.348525400000000000e+11
3.393399999999999750e-01 2.346133400000000000e+11
3.397600000000000064e-01 2.343681600000000000e+11
3.401699999999999724e-01 2.341289600000000000e+11
3.405900000000000039e-01 2.338897600000000000e+11
3.410000000000000253e-01 2.336445800000000000e+11
3.414099999999999913e-01 2.334053800000000000e+11
3.418300000000000227e-01 2.331661800000000000e+11
3.422399999999999887e-01 2.329269800000000000e+11
3.426500000000000101e-01 2.326818000000000000e+11
3.430699999999999861e-01 2.324067200000000000e+11
3.434800000000000075e-01 2.321196800000000000e+11
3.438999999999999835e-01 2.318326400000000000e+11
3.443100000000000049e-01 2.315456000000000000e+11
3.447200000000000264e-01 2.312585600000000000e+11
3.451400000000000023e-01 2.309775000000000000e+11
3.455500000000000238e-01 2.306904600000000000e+11
3.459599999999999898e-01 2.304034200000000000e+11
3.463800000000000212e-01 2.301163800000000000e+11
3.467899999999999872e-01 2.298293400000000000e+11
3.472100000000000186e-01 2.295423000000000000e+11
3.476199999999999846e-01 2.292552600000000000e+11
3.480300000000000060e-01 2.289383200000000000e+11
3.484499999999999820e-01 2.286034400000000000e+11
3.488600000000000034e-01 2.282685600000000000e+11
3.492700000000000249e-01 2.279336800000000000e+11
3.496900000000000008e-01 2.275988000000000000e+11
3.501000000000000223e-01 2.272639200000000000e+11
3.505199999999999982e-01 2.269230600000000000e+11
3.509300000000000197e-01 2.265881800000000000e+11
3.513399999999999856e-01 2.262533000000000000e+11
3.517600000000000171e-01 2.259184200000000000e+11
3.521699999999999831e-01 2.255835400000000000e+11
3.525800000000000045e-01 2.252486600000000000e+11
3.529999999999999805e-01 2.248898600000000000e+11
3.534100000000000019e-01 2.245011600000000000e+11
3.538299999999999779e-01 2.241124600000000000e+11
3.542399999999999993e-01 2.237297400000000000e+11
3.546500000000000208e-01 2.233410400000000000e+11
3.550699999999999967e-01 2.229523400000000000e+11
3.554800000000000182e-01 2.225636400000000000e+11
3.558899999999999841e-01 2.221749400000000000e+11
3.563100000000000156e-01 2.217862400000000000e+11
3.567199999999999815e-01 2.213975400000000000e+11
3.571400000000000130e-01 2.210148200000000000e+11
3.575499999999999790e-01 2.206261200000000000e+11
3.579600000000000004e-01 2.202254600000000000e+11
3.583799999999999764e-01 2.197829400000000000e+11
3.587899999999999978e-01 2.193344400000000000e+11
3.592000000000000193e-01 2.188919200000000000e+11
3.596199999999999952e-01 2.184494000000000000e+11
3.600300000000000167e-01 2.180068800000000000e+11
3.604499999999999926e-01 2.175583800000000000e+11
3.608600000000000141e-01 2.171158600000000000e+11
3.612699999999999800e-01 2.166733400000000000e+11
3.616900000000000115e-01 2.162248400000000000e+11
3.620999999999999774e-01 2.157823200000000000e+11
3.625099999999999989e-01 2.153398000000000000e+11
3.629299999999999748e-01 2.148913000000000000e+11
3.633399999999999963e-01 2.143889800000000000e+11
3.637599999999999723e-01 2.138806800000000000e+11
3.641699999999999937e-01 2.133783600000000000e+11
3.645800000000000152e-01 2.128700600000000000e+11
3.649999999999999911e-01 2.123677400000000000e+11
3.654100000000000126e-01 2.118594400000000000e+11
3.658199999999999785e-01 2.113511400000000000e+11
3.662400000000000100e-01 2.108488200000000000e+11
3.666499999999999759e-01 2.103405200000000000e+11
3.670700000000000074e-01 2.098382000000000000e+11
3.674799999999999733e-01 2.093299000000000000e+11
3.678899999999999948e-01 2.088275800000000000e+11
3.683100000000000263e-01 2.082654600000000000e+11
3.687199999999999922e-01 2.076913800000000000e+11
3.691300000000000137e-01 2.071173000000000000e+11
3.695499999999999896e-01 2.065432200000000000e+11
3.699600000000000111e-01 2.059691400000000000e+11
3.703799999999999870e-01 2.054010400000000000e+11
3.707900000000000085e-01 2.048269600000000000e+11
3.711999999999999744e-01 2.042528800000000000e+11
3.716200000000000059e-01 2.036788000000000000e+11
3.720300000000000273e-01 2.031047200000000000e+11
3.724399999999999933e-01 2.025366200000000000e+11
3.728600000000000247e-01 2.019625400000000000e+11
3.732699999999999907e-01 2.013406200000000000e+11
3.736900000000000222e-01 2.006947800000000000e+11
3.740999999999999881e-01 2.000429600000000000e+11
3.745100000000000096e-01 1.993971200000000000e+11
3.749299999999999855e-01 1.987512800000000000e+11
3.753400000000000070e-01 1.981054400000000000e+11
3.757499999999999729e-01 1.974596000000000000e+11
3.761700000000000044e-01 1.968137600000000000e+11
3.765800000000000258e-01 1.961619400000000000e+11
3.770000000000000018e-01 1.955161000000000000e+11
3.774100000000000232e-01 1.948702600000000000e+11
3.778199999999999892e-01 1.942244200000000000e+11
3.782400000000000206e-01 1.935367200000000000e+11
3.786499999999999866e-01 1.928071600000000000e+11
3.790600000000000080e-01 1.920776000000000000e+11
3.794799999999999840e-01 1.913480400000000000e+11
3.798900000000000055e-01 1.906184800000000000e+11
3.803099999999999814e-01 1.898889200000000000e+11
3.807200000000000029e-01 1.891533800000000000e+11
3.811300000000000243e-01 1.884238200000000000e+11
3.815500000000000003e-01 1.876942600000000000e+11
3.819600000000000217e-01 1.869647000000000000e+11
3.823699999999999877e-01 1.862351400000000000e+11
3.827900000000000191e-01 1.855055800000000000e+11
3.831999999999999851e-01 1.847521000000000000e+11
3.836200000000000165e-01 1.839208800000000000e+11
3.840299999999999825e-01 1.830956400000000000e+11
3.844400000000000039e-01 1.822644200000000000e+11
3.848599999999999799e-01 1.814391800000000000e+11
3.852700000000000014e-01 1.806139400000000000e+11
3.856800000000000228e-01 1.797827200000000000e+11
3.860999999999999988e-01 1.789574800000000000e+11
3.865100000000000202e-01 1.781262600000000000e+11
3.869299999999999962e-01 1.773010200000000000e+11
3.873400000000000176e-01 1.764757800000000000e+11
3.877499999999999836e-01 1.756445600000000000e+11
3.881700000000000150e-01 1.748073600000000000e+11
3.885799999999999810e-01 1.738685000000000000e+11
3.889900000000000024e-01 1.729236600000000000e+11
3.894099999999999784e-01 1.719848000000000000e+11
3.898199999999999998e-01 1.710459400000000000e+11
3.902399999999999758e-01 1.701070800000000000e+11
3.906499999999999972e-01 1.691622400000000000e+11
3.910600000000000187e-01 1.682233800000000000e+11
3.914799999999999947e-01 1.672845200000000000e+11
3.918900000000000161e-01 1.663396800000000000e+11
3.922999999999999821e-01 1.654008200000000000e+11
3.927200000000000135e-01 1.644619600000000000e+11
3.931299999999999795e-01 1.635231000000000000e+11
3.935500000000000109e-01 1.624586600000000000e+11
3.939599999999999769e-01 1.613762800000000000e+11
3.943699999999999983e-01 1.602998800000000000e+11
3.947899999999999743e-01 1.592234800000000000e+11
3.951999999999999957e-01 1.581470800000000000e+11
3.956100000000000172e-01 1.570706800000000000e+11
3.960299999999999931e-01 1.559942800000000000e+11
3.964400000000000146e-01 1.549178800000000000e+11
3.968599999999999905e-01 1.538414800000000000e+11
3.972700000000000120e-01 1.527650800000000000e+11
3.976799999999999780e-01 1.516827000000000000e+11
3.981000000000000094e-01 1.506063000000000000e+11
3.985099999999999754e-01 1.494043200000000000e+11
3.989199999999999968e-01 1.481545000000000000e+11
3.993399999999999728e-01 1.469046800000000000e+11
3.997499999999999942e-01 1.456548600000000000e+11
4.001700000000000257e-01 1.444050400000000000e+11
4.005799999999999916e-01 1.431552200000000000e+11
4.009900000000000131e-01 1.419054000000000000e+11
4.014099999999999890e-01 1.406555800000000000e+11
4.018200000000000105e-01 1.394057600000000000e+11
4.022299999999999764e-01 1.381499600000000000e+11
4.026500000000000079e-01 1.369001400000000000e+11
4.030599999999999739e-01 1.356503200000000153e+11
4.034800000000000053e-01 1.342749200000000000e+11
4.038900000000000268e-01 1.327918800000000153e+11
4.042999999999999927e-01 1.313088400000000153e+11
4.047200000000000242e-01 1.298257999999999847e+11
4.051299999999999901e-01 1.283427600000000000e+11
4.055400000000000116e-01 1.268597200000000000e+11
4.059599999999999875e-01 1.253706999999999847e+11
4.063700000000000090e-01 1.238876600000000000e+11
4.067899999999999849e-01 1.224046200000000000e+11
4.072000000000000064e-01 1.209215800000000000e+11
4.076099999999999723e-01 1.194385400000000000e+11
4.080300000000000038e-01 1.179555000000000000e+11
4.084400000000000253e-01 1.163468800000000000e+11
4.088499999999999912e-01 1.145110200000000000e+11
4.092700000000000227e-01 1.126811400000000000e+11
4.096799999999999886e-01 1.108452800000000000e+11
4.101000000000000201e-01 1.090094200000000000e+11
4.105099999999999860e-01 1.071795400000000000e+11
4.109200000000000075e-01 1.053436800000000000e+11
4.113399999999999834e-01 1.035078200000000000e+11
4.117500000000000049e-01 1.016779400000000000e+11
4.121600000000000263e-01 9.984208000000000000e+10
4.125800000000000023e-01 9.801220000000000000e+10
4.129900000000000237e-01 9.617634000000000000e+10
4.134099999999999997e-01 9.422686000000000000e+10
4.138200000000000212e-01 9.174516000000000000e+10
4.142299999999999871e-01 8.926944000000000000e+10
4.146500000000000186e-01 8.678774000000000000e+10
4.150599999999999845e-01 8.431202000000000000e+10
4.154700000000000060e-01 8.183032000000000000e+10
4.158899999999999819e-01 7.935460000000000000e+10
4.163000000000000034e-01 7.687290000000000000e+10
4.167199999999999793e-01 7.439718000000000000e+10
4.171300000000000008e-01 7.191548000000000000e+10
4.175400000000000222e-01 6.943976000000000000e+10
4.179599999999999982e-01 6.695805999999999237e+10
4.183700000000000196e-01 6.448234000000000000e+10
