1.000000000000000021e-02 1.560026027369183861e+07
1.007072300075525194e-02 1.559253428290015459e+07
1.014194617579408653e-02 1.558475815465510450e+07
1.021367306249912864e-02 1.557693159534448572e+07
1.028590722327043204e-02 1.556905431008417346e+07
1.035865224570241272e-02 1.556112600271962024e+07
1.043191174276203274e-02 1.555314637582677044e+07
1.050568935296824179e-02 1.554511513071385957e+07
1.057998874057268328e-02 1.553703196742275730e+07
1.065481359574169638e-02 1.552889658473084867e+07
1.073016763473956872e-02 1.552070868015274778e+07
1.080605460011313523e-02 1.551246794994237460e+07
1.088247826087764512e-02 1.550417408909502253e+07
1.095944241270395240e-02 1.549582679134969786e+07
1.103695087810703176e-02 1.548742574919151142e+07
1.111500750663583711e-02 1.547897065385417268e+07
1.119361617506448199e-02 1.547046119532282837e+07
1.127278078758479039e-02 1.546189706233680993e+07
1.135250527600020591e-02 1.545327794239283912e+07
1.143279359992106260e-02 1.544460352174793370e+07
1.151364974696124886e-02 1.543587348542301729e+07
1.159507773293625386e-02 1.542708751720624790e+07
1.167708160206261912e-02 1.541824529965682328e+07
1.175966542715880039e-02 1.540934651410866529e+07
1.184283330984744684e-02 1.540039084067453630e+07
1.192658938075911480e-02 1.539137795825012028e+07
1.201093779973742143e-02 1.538230754451853782e+07
1.209588275604562765e-02 1.537317927595475875e+07
1.218142846857475994e-02 1.536399282783023454e+07
1.226757918605306599e-02 1.535474787421793677e+07
1.235433918725710109e-02 1.534544408799744584e+07
1.244171278122420399e-02 1.533608114086006023e+07
1.252970430746651841e-02 1.532665870331442915e+07
1.261831813618652202e-02 1.531717644469195232e+07
1.270755866849407681e-02 1.530763403315304592e+07
1.279743033662500765e-02 1.529803113569280133e+07
1.288793760416124916e-02 1.528836741814724728e+07
1.297908496625252428e-02 1.527864254520010576e+07
1.307087694983959970e-02 1.526885618038928136e+07
1.316331811387913206e-02 1.525900798611357436e+07
1.325641304957008229e-02 1.524909762363997847e+07
1.335016638058175026e-02 1.523912475311096013e+07
1.344458276328341223e-02 1.522908903355185129e+07
1.353966688697558728e-02 1.521899012287870236e+07
1.363542347412293083e-02 1.520882767790620960e+07
1.373185728058879534e-02 1.519860135435595177e+07
1.382897309587140591e-02 1.518831080686469004e+07
1.392677574334177416e-02 1.517795568899327517e+07
1.402527008048323233e-02 1.516753565323518775e+07
1.412446099913269512e-02 1.515705035102611221e+07
1.422435342572361469e-02 1.514649943275290541e+07
1.432495232153065817e-02 1.513588254776345752e+07
1.442626268291611474e-02 1.512519934437658451e+07
1.452828954157804955e-02 1.511444946989206038e+07
1.463103796480020279e-02 1.510363257060107403e+07
1.473451305570367201e-02 1.509274829179685749e+07
1.483871995350035354e-02 1.508179627778552659e+07
1.494366383374819141e-02 1.507077617189745232e+07
1.504934990860823212e-02 1.505968761649855413e+07
1.515578342710348879e-02 1.504853025300201401e+07
1.526296967537963539e-02 1.503730372188038751e+07
1.537091397696756234e-02 1.502600766267779469e+07
1.547962169304777091e-02 1.501464171402255818e+07
1.558909822271661340e-02 1.500320551363997161e+07
1.569934900325450217e-02 1.499169869836552814e+07
1.581037951039591591e-02 1.498012090415819734e+07
1.592219525860137305e-02 1.496847176611440070e+07
1.603480180133130470e-02 1.495675091848194413e+07
1.614820473132189474e-02 1.494495799467414245e+07
1.626240968086281949e-02 1.493309262728486769e+07
1.637742232207700654e-02 1.492115444810313359e+07
1.649324836720234000e-02 1.490914308812863380e+07
1.660989356887536059e-02 1.489705817758718319e+07
1.672736372041698505e-02 1.488489934594669379e+07
1.684566465612022737e-02 1.487266622193345241e+07
1.696480225153998087e-02 1.486035843354856223e+07
1.708478242378481601e-02 1.484797560808498412e+07
1.720561113181088078e-02 1.483551737214477360e+07
1.732729437671784445e-02 1.482298335165655240e+07
1.744983820204696473e-02 1.481037317189349234e+07
1.757324869408119494e-02 1.479768645749170147e+07
1.769753198214757753e-02 1.478492283246866241e+07
1.782269423892153190e-02 1.477208192024240084e+07
1.794874168073351886e-02 1.475916334365069680e+07
1.807568056787775199e-02 1.474616672497086227e+07
1.820351720492312600e-02 1.473309168593977019e+07
1.833225794102632741e-02 1.471993784777443297e+07
1.846190917024719685e-02 1.470670483119271696e+07
1.859247733186627366e-02 1.469339225643446296e+07
1.872396891070463379e-02 1.467999974328323640e+07
1.885639043744594123e-02 1.466652691108833626e+07
1.898974848896082396e-02 1.465297337878690660e+07
1.912404968863350846e-02 1.463933876492695324e+07
1.925930070669077884e-02 1.462562268769041635e+07
1.939550826053327084e-02 1.461182476491667889e+07
1.953267911506909038e-02 1.459794461412667483e+07
1.967082008304981214e-02 1.458398185254698619e+07
1.980993802540879922e-02 1.456993609713503718e+07
1.995003985160205898e-02 1.455580696460399404e+07
2.009113251995126373e-02 1.454159407144853845e+07
2.023322303798951588e-02 1.452729703397081792e+07
2.037631846280920506e-02 1.451291546830710582e+07
2.052042590141265818e-02 1.449844899045457691e+07
2.066555251106502733e-02 1.448389721629878692e+07
2.081170549964980396e-02 1.446925976164128818e+07
2.095889212602678603e-02 1.445453624222824909e+07
2.110711970039261254e-02 1.443972627377862856e+07
2.125639558464381684e-02 1.442482947201380692e+07
2.140672719274248903e-02 1.440984545268701389e+07
2.155812199108446750e-02 1.439477383161331341e+07
2.171058749887019856e-02 1.437961422470038012e+07
2.186413128847815648e-02 1.436436624797918461e+07
2.201876098584095234e-02 1.434902951763574593e+07
2.217448427082409704e-02 1.433360365004306473e+07
2.233130887760736982e-02 1.431808826179341413e+07
2.248924259506905957e-02 1.430248296973136626e+07
2.264829326717266236e-02 1.428678739098726399e+07
2.280846879335661492e-02 1.427100114301095158e+07
2.296977712892648779e-02 1.425512384360642917e+07
2.313222628545019005e-02 1.423915511096652783e+07
2.329582433115584897e-02 1.422309456370844878e+07
2.346057939133250336e-02 1.420694182090952992e+07
2.362649964873369049e-02 1.419069650214398652e+07
2.379359334398382583e-02 1.417435822751947306e+07
2.396186877598750070e-02 1.415792661771479249e+07
2.413133430234164212e-02 1.414140129401782528e+07
2.430199833975061827e-02 1.412478187836397812e+07
2.447386936444424788e-02 1.410806799337524362e+07
2.464695591259880372e-02 1.409125926239990443e+07
2.482126658076094089e-02 1.407435530955238454e+07
2.499681002627468854e-02 1.405735575975415856e+07
2.517359496771140112e-02 1.404026023877473176e+07
2.535163018530280088e-02 1.402306837327349372e+07
2.553092452137699364e-02 1.400577979084203951e+07
2.571148688079777020e-02 1.398839412004686147e+07
2.589332623140670059e-02 1.397091099047281034e+07
2.607645160446868046e-02 1.395333003276716731e+07
2.626087209512039181e-02 1.393565087868402340e+07
2.644659686282207003e-02 1.391787316112944111e+07
2.663363513181239359e-02 1.389999651420693286e+07
2.682199619156662093e-02 1.388202057326390222e+07
2.701168939725797496e-02 1.386394497493843362e+07
2.720272417022226788e-02 1.384576935720650852e+07
2.739510999842582201e-02 1.382749335943006724e+07
2.758885643693671091e-02 1.380911662240546755e+07
2.778397310839931383e-02 1.379063878841276094e+07
2.798046970351223545e-02 1.377205950126522779e+07
2.817835598150961879e-02 1.375337840635978244e+07
2.837764177064582352e-02 1.373459515072793514e+07
2.857833696868360487e-02 1.371570938308700919e+07
2.878045154338559897e-02 1.369672075389253534e+07
2.898399553300954820e-02 1.367762891539080255e+07
2.918897904680665956e-02 1.365843352167210914e+07
2.939541226552391112e-02 1.363913422872474417e+07
2.960330544190947072e-02 1.361973069448941574e+07
2.981266890122208357e-02 1.360022257891430520e+07
3.002351304174380453e-02 1.358060954401109740e+07
3.023584833529646340e-02 1.356089125391081534e+07
3.044968532776174894e-02 1.354106737492107600e+07
3.066503463960499817e-02 1.352113757558359206e+07
3.088190696640265992e-02 1.350110152673234791e+07
3.110031307937351219e-02 1.348095890155223943e+07
3.132026382591362318e-02 1.346070937563870661e+07
3.154177013013510084e-02 1.344035262705749646e+07
3.176484299340867623e-02 1.341988833640548401e+07
3.198949349490998878e-02 1.339931618687190302e+07
3.221573279217006952e-02 1.337863586430004612e+07
3.244357212162921750e-02 1.335784705725004710e+07
3.267302279919534480e-02 1.333694945706173405e+07
3.290409622080571472e-02 1.331594275791848265e+07
3.313680386299322489e-02 1.329482665691153333e+07
3.337115728345611820e-02 1.327360085410516895e+07
3.360716812163228734e-02 1.325226505260187946e+07
3.384484809927709725e-02 1.323081895860904269e+07
3.408420902104575267e-02 1.320926228150543571e+07
3.432526277507950974e-02 1.318759473390893266e+07
3.456802133359612728e-02 1.316581603174432926e+07
3.481249675348448147e-02 1.314392589431222528e+07
3.505870117690337157e-02 1.312192404435832426e+07
3.530664683188459996e-02 1.309981020814318955e+07
3.555634603294027807e-02 1.307758411551300623e+07
3.580781118167446209e-02 1.305524549997050129e+07
3.606105476739899368e-02 1.303279409874692932e+07
3.631608936775400365e-02 1.301022965287416801e+07
3.657292764933233603e-02 1.298755190725800022e+07
3.683158236830890581e-02 1.296476061075130850e+07
3.709206637107399090e-02 1.294185551622856781e+07
3.735439259487154801e-02 1.291883638066049479e+07
3.761857406844143492e-02 1.289570296518928558e+07
3.788462391266684409e-02 1.287245503520482220e+07
3.815255534122564268e-02 1.284909236042084172e+07
3.842238166124687521e-02 1.282561471495249867e+07
3.869411627397156828e-02 1.280202187739362940e+07
3.896777267541835788e-02 1.277831363089528866e+07
3.924336445705377263e-02 1.275448976324454881e+07
3.952090530646725636e-02 1.273055006694382429e+07
3.980040900805101312e-02 1.270649433929088525e+07
4.008188944368458462e-02 1.268232238245936111e+07
4.036536059342434729e-02 1.265803400357989967e+07
4.065083653619782494e-02 1.263362901482160017e+07
4.093833145050296274e-02 1.260910723347436078e+07
4.122785961511220981e-02 1.258446848203143850e+07
4.151943540978193792e-02 1.255971258827265166e+07
4.181307331596628013e-02 1.253483938534834236e+07
4.210878791753674966e-02 1.250984871186317131e+07
4.240659390150620239e-02 1.248474041196129471e+07
4.270650605875861427e-02 1.245951433541139774e+07
4.300853928478336891e-02 1.243417033769252151e+07
4.331270858041539468e-02 1.240870828008008003e+07
4.361902905257986768e-02 1.238312802973289229e+07
4.392751591504276409e-02 1.235742945978006348e+07
4.423818448916636004e-02 1.233161244940861687e+07
4.455105020467018534e-02 1.230567688395163789e+07
4.486612860039740358e-02 1.227962265497678332e+07
4.518343532508652116e-02 1.225344966037502885e+07
4.550298613814861975e-02 1.222715780445024930e+07
4.582479691045007048e-02 1.220074699800865352e+07
4.614888362510079917e-02 1.217421715844930522e+07
4.647526237824797790e-02 1.214756820985423028e+07
4.680394937987573944e-02 1.212080008307961561e+07
4.713496095460989466e-02 1.209391271584685519e+07
4.746831354252908225e-02 1.206690605283428542e+07
4.780402369998094231e-02 1.203978004576906003e+07
4.814210810040474992e-02 1.201253465351937339e+07
4.848258353515916275e-02 1.198516984218704328e+07
4.882546691435655367e-02 1.195768558520042710e+07
4.917077526770251283e-02 1.193008186340747401e+07
4.951852574534191392e-02 1.190235866516913101e+07
4.986873561871059402e-02 1.187451598645308800e+07
5.022142228139315351e-02 1.184655383092757128e+07
5.057660324998683454e-02 1.181847221005549282e+07
5.093429616497152645e-02 1.179027114318887331e+07
5.129451879158587746e-02 1.176195065766311809e+07
5.165728902070963746e-02 1.173351078889185004e+07
5.202262486975225975e-02 1.170495158046178892e+07
5.239054448354760196e-02 1.167627308422758244e+07
5.276106613525543415e-02 1.164747536040698923e+07
5.313420822726856035e-02 1.161855847767615877e+07
5.350998929212727462e-02 1.158952251326454058e+07
5.388842799343931261e-02 1.156036755305076763e+07
5.426954312680727643e-02 1.153109369165757298e+07
5.465335362076168685e-02 1.150170103254735842e+07
5.503987853770153649e-02 1.147218968811775371e+07
5.542913707484062313e-02 1.144255977979675308e+07
5.582114856516131457e-02 1.141281143813814037e+07
5.621593247837461393e-02 1.138294480291699246e+07
5.661350842188714316e-02 1.135296002322459221e+07
5.701389614177500287e-02 1.132285725756367110e+07
5.741711552376446703e-02 1.129263667394338734e+07
5.782318659421962354e-02 1.126229844997420721e+07
5.823212952113703683e-02 1.123184277296237089e+07
5.864396461514737036e-02 1.120126984000453912e+07
5.905871233052416985e-02 1.117057985808188654e+07
5.947639326619979377e-02 1.113977304415420443e+07
5.989702816678827563e-02 1.110884962525349297e+07
6.032063792361602034e-02 1.107780983857738599e+07
6.074724357575890521e-02 1.104665393158228137e+07
6.117686631108772838e-02 1.101538216207599454e+07
6.160952746731999941e-02 1.098399479831011221e+07
6.204524853308023002e-02 1.095249211907202750e+07
6.248405114896668500e-02 1.092087441377621330e+07
6.292595710862668168e-02 1.088914198255546950e+07
6.337098835983850931e-02 1.085729513635129668e+07
6.381916700560190392e-02 1.082533419700401649e+07
6.427051530523558709e-02 1.079325949734210595e+07
6.472505567548285377e-02 1.076107138127123006e+07
6.518281069162494556e-02 1.072877020386219583e+07
6.564380308860226498e-02 1.069635633143894747e+07
6.610805576214355550e-02 1.066383014166513644e+07
6.657559176990297811e-02 1.063119202363055944e+07
6.704643433260544516e-02 1.059844237793637998e+07
6.752060683519958695e-02 1.056558161678022705e+07
6.799813282801971115e-02 1.053261016403952800e+07
6.847903602795485378e-02 1.049952845535499789e+07
6.896334031962729483e-02 1.046633693821255863e+07
6.945106975657823478e-02 1.043303607202461362e+07
6.994224856246301913e-02 1.039962632821037620e+07
7.043690113225370419e-02 1.036610819027507864e+07
7.093505203345112919e-02 1.033248215388839878e+07
7.143672600730469058e-02 1.029874872696152702e+07
7.194194797004142827e-02 1.026490842972336151e+07
7.245074301410338313e-02 1.023096179479558393e+07
7.296313640939389167e-02 1.019690936726630479e+07
7.347915360453260991e-02 1.016275170476286672e+07
7.399882022811947457e-02 1.012848937752310373e+07
7.452216209000757374e-02 1.009412296846543066e+07
7.504920518258503814e-02 1.005965307325770520e+07
7.557997568206598071e-02 1.002508030038451403e+07
7.611449994979041511e-02 9.990405271213281900e+06
7.665280453353393031e-02 9.955628620058728382e+06
7.719491616882562246e-02 9.920750994246022776e+06
7.774086178027660166e-02 9.885773054172253236e+06
7.829066848291661718e-02 9.850695473366580904e+06
7.884436358354129926e-02 9.815518938548373058e+06
7.940197458206788017e-02 9.780244149684142321e+06
7.996352917290153184e-02 9.744871820042500272e+06
8.052905524631030765e-02 9.709402676247466356e+06
8.109858088981077018e-02 9.673837458330091089e+06
8.167213438956276439e-02 9.638176919777974486e+06
8.224974423177437710e-02 9.602421827583421022e+06
8.283143910411668032e-02 9.566572962289100513e+06
8.341724789714859145e-02 9.530631118032298982e+06
8.400719970575169782e-02 9.494597102586772293e+06
8.460132383057535066e-02 9.458471737402807921e+06
8.519964977949186224e-02 9.422255857645165175e+06
8.580220726906208351e-02 9.385950312228767201e+06
8.640902622601134841e-02 9.349555963852422312e+06
8.702013678871559077e-02 9.313073689030207694e+06
8.763556930869868811e-02 9.276504378120597452e+06
8.825535435213924251e-02 9.239848935353357345e+06
8.887952270138943511e-02 9.203108278854051605e+06
8.950810535650306765e-02 9.166283340666182339e+06
9.014113353677602469e-02 9.129375066770892590e+06
9.077863868229606170e-02 9.092384417104177177e+06
9.142065245550498598e-02 9.055312365571547300e+06
9.206720674277062144e-02 9.018159900060290471e+06
9.271833365597090260e-02 8.980928022448848933e+06
9.337406553408859888e-02 8.943617748613737524e+06
9.403443494481743270e-02 8.906230108433814719e+06
9.469947468617964659e-02 8.868766145791536197e+06
9.536921778815490858e-02 8.831226918571742252e+06
9.604369751432086100e-02 8.793613498657431453e+06
9.672294736350511846e-02 8.755926971922578290e+06
9.740700107144910358e-02 8.718168438222348690e+06
9.809589261248334580e-02 8.680339011380022392e+06
9.878965620121538116e-02 8.642439819171009585e+06
9.948832629422829643e-02 8.604472003304015845e+06
1.001919375917929012e-01 8.566436719398744404e+06
1.009005250395903497e-01 8.528335136960864067e+06
1.016141238304483774e-01 8.490168439353425056e+06
1.023327694060888887e-01 8.451937823765465990e+06
1.030564974588882854e-01 8.413644501176858321e+06
1.037853439336501454e-01 8.375289696320447139e+06
1.045193450293905035e-01 8.336874647640304640e+06
1.052585372011357184e-01 8.298400607246934436e+06
1.060029571617329830e-01 8.259868840869010426e+06
1.067526418836738100e-01 8.221280627801545896e+06
1.075076286009302301e-01 8.182637260850653052e+06
1.082679548108041317e-01 8.143940046274770051e+06
1.090336582757895356e-01 8.105190303722377867e+06
1.098047770254481914e-01 8.066389366165887564e+06
1.105813493582983031e-01 8.027538579832172021e+06
1.113634138437166743e-01 7.988639304129259661e+06
1.121510093238543421e-01 7.949692911569354124e+06
1.129441749155656732e-01 7.910700787688072771e+06
1.137429500123512127e-01 7.871664330959999003e+06
1.145473742863140354e-01 7.832584952710365877e+06
1.153574876901303503e-01 7.793464077022901736e+06
1.161733304590336635e-01 7.754303140643817373e+06
1.169949431128130962e-01 7.715103592881930992e+06
1.178223664578259139e-01 7.675866895504856482e+06
1.186556415890241550e-01 7.636594522631109692e+06
1.194948098919957069e-01 7.597287960618519224e+06
1.203399130450197446e-01 7.557948707948367111e+06
1.211909930211367420e-01 7.518578275105652399e+06
1.220480920902330957e-01 7.479178184455234557e+06
1.229112528211405708e-01 7.439749970113954507e+06
1.237805180837504154e-01 7.400295177818705328e+06
1.246559310511426849e-01 7.360815364790223539e+06
1.255375352017303325e-01 7.321312099593024701e+06
1.264253743214187875e-01 7.281786961990909651e+06
1.273194925057804794e-01 7.242241542798574083e+06
1.282199341622450028e-01 7.202677443728867918e+06
1.291267440123044785e-01 7.163096277235943824e+06
1.300399670937350260e-01 7.123499666354201734e+06
1.309596487628333639e-01 7.083889244533060119e+06
1.318858346966695072e-01 7.044266655467515811e+06
1.328185708953554534e-01 7.004633552924416028e+06
1.337579036843298264e-01 6.964991600564587861e+06
1.347038797166586199e-01 6.925342471760807559e+06
1.356565459753522884e-01 6.885687849411305971e+06
1.366159497756992691e-01 6.846029425749357790e+06
1.375821387676158802e-01 6.806368902148470283e+06
1.385551609380130111e-01 6.766707988923346624e+06
1.395350646131793271e-01 6.727048405126744881e+06
1.405218984611815436e-01 6.687391878342073411e+06
1.415157114942815209e-01 6.647740144471765496e+06
1.425165530713705109e-01 6.608094947521525435e+06
1.435244729004207798e-01 6.568458039380409755e+06
1.445395210409541331e-01 6.528831179596731439e+06
1.455617479065285380e-01 6.489216135149786249e+06
1.465912042672414539e-01 6.449614680217637680e+06
1.476279412522520096e-01 6.410028595940506086e+06
1.486720103523199443e-01 6.370459670180447400e+06
1.497234634223631455e-01 6.330909697276682593e+06
1.507823526840330053e-01 6.291380477797086351e+06
1.518487307283081789e-01 6.251873818285643123e+06
1.529226505181064122e-01 6.212391531005892903e+06
1.540041653909151320e-01 6.172935433680549264e+06
1.550933290614404936e-01 6.133507349227123894e+06
1.561901956242751632e-01 6.094109105489925481e+06
1.572948195565850305e-01 6.054742534967862070e+06
1.584072557208147936e-01 6.015409474538879469e+06
1.595275593674128634e-01 5.976111765180419199e+06
1.606557861375753626e-01 5.936851251686414704e+06
1.617919920660097211e-01 5.897629782380433753e+06
1.629362335837175324e-01 5.858449208825415000e+06
1.640885675207974514e-01 5.819311385529856198e+06
1.652490511092676861e-01 5.780218169650542550e+06
1.664177419859082518e-01 5.741171420691836625e+06
1.675946981951239312e-01 5.702173000201707706e+06
1.687799781918269126e-01 5.663224771464424208e+06
1.699736408443401348e-01 5.624328599190041423e+06
1.711757454373208642e-01 5.585486349200853147e+06
1.723863516747053126e-01 5.546699888114583679e+06
1.736055196826738478e-01 5.507971083024814725e+06
1.748333100126372164e-01 5.469301801178302616e+06
1.760697836442439157e-01 5.430693909649581648e+06
1.773150019884087991e-01 5.392149275012741797e+06
1.785690268903631917e-01 5.353669763010577299e+06
1.798319206327263775e-01 5.315257238221100532e+06
1.811037459385990422e-01 5.276913563721602783e+06
1.823845659746785031e-01 5.238640600750244223e+06
1.836744443543958660e-01 5.200440208365420811e+06
1.849734451410754987e-01 5.162314243102775887e+06
1.862816328511169850e-01 5.124264558630208485e+06
1.875990724571989232e-01 5.086293005400794558e+06
1.889258293915064280e-01 5.048401430303741246e+06
1.902619695489806417e-01 5.010591676313643344e+06
1.916075592905914782e-01 4.972865582137923688e+06
1.929626654466335411e-01 4.935224981862653047e+06
1.943273553200453030e-01 4.897671704596941359e+06
1.957016966897518750e-01 4.860207574115957133e+06
1.970857578140312316e-01 4.822834408502575941e+06
1.984796074339043592e-01 4.785554019787972793e+06
1.998833147765493590e-01 4.748368213591120206e+06
2.012969495587398072e-01 4.711278788757476024e+06
2.027205819903070694e-01 4.674287536996700801e+06
2.041542827776276492e-01 4.637396242519922554e+06
2.055981231271346577e-01 4.600606681676289998e+06
2.070521747488545394e-01 4.563920622589222156e+06
2.085165098599685296e-01 4.527339824792353436e+06
2.099912011883994234e-01 4.490866038865313865e+06
2.114763219764238811e-01 4.454501006069466472e+06
2.129719459843095464e-01 4.418246457983926870e+06
2.144781474939791432e-01 4.382104116141605191e+06
2.159950013126993307e-01 4.346075691665824503e+06
2.175225827767962028e-01 4.310162884907441214e+06
2.190609677553969625e-01 4.274367385082589462e+06
2.206102326541981018e-01 4.238690869911269285e+06
2.221704544192600328e-01 4.203135005257018842e+06
2.237417105408288365e-01 4.167701444767449051e+06
2.253240790571848784e-01 4.132391829516327009e+06
2.269176385585186528e-01 4.097207787646815646e+06
2.285224681908340771e-01 4.062150934016450308e+06
2.301386476598793196e-01 4.027222869843680877e+06
2.317662572351055494e-01 3.992425182356352918e+06
2.334053777536536090e-01 3.957759444442191627e+06
2.350560906243687465e-01 3.923227214301365893e+06
2.367184778318441318e-01 3.888830035101408605e+06
2.383926219404925162e-01 3.854569434634655248e+06
2.400786060986470349e-01 3.820446924978140276e+06
2.417765140426904880e-01 3.786464002156403847e+06
2.434864301012148458e-01 3.752622145807149820e+06
2.452084391992090384e-01 3.718922818849947769e+06
2.469426268622770260e-01 3.685367467158223968e+06
2.486890792208855117e-01 3.651957519234603737e+06
2.504478830146416590e-01 3.618694385889672209e+06
2.522191255966012569e-01 3.585579459924678784e+06
2.540028949376070266e-01 3.552614115817786194e+06
2.557992796306578498e-01 3.519799709414440207e+06
2.576083688953090811e-01 3.487137577621905133e+06
2.594302525821032823e-01 3.454629038108008914e+06
2.612650211770332076e-01 3.422275389004361350e+06
2.631127658060356533e-01 3.390077908614146989e+06
2.649735782395173378e-01 3.358037855124657974e+06
2.668475508969128662e-01 3.326156466324661858e+06
2.687347768512748369e-01 3.294434959326883778e+06
2.706353498338964769e-01 3.262874530295508448e+06
2.725493642389665849e-01 3.231476354179156944e+06
2.744769151282581698e-01 3.200241584449158050e+06
2.764180982358496741e-01 3.169171352843542118e+06
2.783730099728796148e-01 3.138266769116621464e+06
2.803417474323349756e-01 3.107528920794543810e+06
2.823244083938735716e-01 3.076958872936786618e+06
2.843210913286801644e-01 3.046557667903746478e+06
2.863318954043574394e-01 3.016326325130673591e+06
2.883569204898509541e-01 2.986265840907848440e+06
2.903962671604095047e-01 2.956377188167399727e+06
2.924500367025803516e-01 2.926661316276616883e+06
2.945183311192393627e-01 2.897119150838112459e+06
2.966012531346575165e-01 2.867751593496772926e+06
2.986989061996026540e-01 2.838559521753676701e+06
3.008113944964773689e-01 2.809543788787161931e+06
3.029388229444936464e-01 2.780705223280978855e+06
3.050812972048835281e-01 2.752044629259826615e+06
3.072389236861471362e-01 2.723562785932202823e+06
3.094118095493369469e-01 2.695260447540791240e+06
3.116000627133811429e-01 2.667138343220412266e+06
3.138037918604426602e-01 2.639197176863625180e+06
3.160231064413173696e-01 2.611437626994121820e+06
3.182581166808700068e-01 2.583860346647917293e+06
3.205089335835086262e-01 2.556465963262501638e+06
3.227756689386978017e-01 2.529255078573937993e+06
3.250584353265106308e-01 2.502228268522039056e+06
3.273573461232204274e-01 2.475386083163677249e+06
3.296725155069314406e-01 2.448729046594289597e+06
3.320040584632497072e-01 2.422257656877584755e+06
3.343520907909940387e-01 2.395972385983607732e+06
3.367167291079471991e-01 2.369873679735114798e+06
3.390980908566479379e-01 2.343961957762358710e+06
3.414962943102238802e-01 2.318237613466276322e+06
3.439114585782656608e-01 2.292701013990213629e+06
3.463437036127426927e-01 2.267352500200043432e+06
3.487931502139609563e-01 2.242192386672919150e+06
3.512599200365618679e-01 2.217220961694482714e+06
3.537441355955653899e-01 2.192438487264687195e+06
3.562459202724545526e-01 2.167845199112175032e+06
3.587653983213029973e-01 2.143441306717222091e+06
3.613026948749465395e-01 2.119226993343285751e+06
3.638579359511981415e-01 2.095202416077116737e+06
3.664312484591062402e-01 2.071367705877432367e+06
3.690227602052583711e-01 2.047722967632143525e+06
3.716325999001285352e-01 2.024268280224147951e+06
3.742608971644698634e-01 2.001003696605592966e+06
3.769077825357523004e-01 1.977929243880633032e+06
3.795733874746459180e-01 1.955044923396657454e+06
3.822578443715502483e-01 1.932350710843904642e+06
3.849612865531692463e-01 1.909846556363447569e+06
3.876838482891335480e-01 1.887532384663504548e+06
3.904256647986686923e-01 1.865408095144001534e+06
3.931868722573115260e-01 1.843473562029339373e+06
3.959676078036724056e-01 1.821728634509308031e+06
3.987680095462478591e-01 1.800173136888074689e+06
4.015882165702788220e-01 1.778806868741131853e+06
4.044283689446588892e-01 1.757629605080225505e+06
4.072886077288907503e-01 1.736641096526044421e+06
4.101690749800923075e-01 1.715841069488719804e+06
4.130699137600521431e-01 1.695229226355927531e+06
4.159912681423345582e-01 1.674805245688556228e+06
4.189332832194354039e-01 1.654568782423854573e+06
4.218961051099882620e-01 1.634519468085871544e+06
4.248798809660214726e-01 1.614656911003154004e+06
4.278847589802665663e-01 1.594980696533566806e+06
4.309108883935188206e-01 1.575490387296077795e+06
4.339584195020489421e-01 1.556185523409446469e+06
4.370275036650680955e-01 1.537065622737614205e+06
4.401182933122451679e-01 1.518130181141719222e+06
4.432309419512773796e-01 1.499378672738593072e+06
4.463656041755147408e-01 1.480810550165546359e+06
4.495224356716371328e-01 1.462425244851373369e+06
4.527015932273878995e-01 1.444222167293360922e+06
4.559032347393603413e-01 1.426200707340194145e+06
4.591275192208397193e-01 1.408360234480589628e+06
4.623746068097009942e-01 1.390700098137478344e+06
4.656446587763621858e-01 1.373219627967588138e+06
4.689378375317941883e-01 1.355918134166296339e+06
4.722543066355869290e-01 1.338794907777510816e+06
4.755942308040729261e-01 1.321849221008471679e+06
4.789577759185079109e-01 1.305080327549271984e+06
4.823451090333097935e-01 1.288487462896911893e+06
4.857563983843552480e-01 1.272069844683746807e+06
4.891918133973358063e-01 1.255826673010090366e+06
4.926515246961721273e-01 1.239757130780842621e+06
4.961357041114884958e-01 1.223860384045929415e+06
4.996445246891469405e-01 1.208135582344358554e+06
5.031781606988416922e-01 1.192581859051738167e+06
5.067367876427550932e-01 1.177198331731026061e+06
5.103205822642723488e-01 1.161984102486351505e+06
5.139297225567620586e-01 1.146938258319691522e+06
5.175643877724148689e-01 1.132059871490218677e+06
5.212247584311469062e-01 1.117347999876132933e+06
5.249110163295651610e-01 1.102801687338766176e+06
5.286233445499967099e-01 1.088419964088766137e+06
5.323619274695821080e-01 1.074201847054179758e+06
5.361269507694319536e-01 1.060146340250215260e+06
5.399186014438497327e-01 1.046252435150490724e+06
5.437370678096185017e-01 1.032519111059594550e+06
5.475825395153544051e-01 1.018945335486734519e+06
5.514552075509251416e-01 1.005530064520282671e+06
5.553552642569362652e-01 9.922722432030289201e+05
5.592829033342839873e-01 9.791708059079535306e+05
5.632383198537749269e-01 9.662246767143014586e+05
5.672217102658154708e-01 9.534327697837812593e+05
5.712332724101683024e-01 9.407939897367090452e+05
5.752732055257772092e-01 9.283072320278588450e+05
5.793417102606648328e-01 9.159713833218993386e+05
5.834389886818962534e-01 9.037853218681578292e+05
5.875652442856156288e-01 8.917479178745849058e+05
5.917206820071527762e-01 8.798580338806954678e+05
5.959055082312018081e-01 8.681145251293159090e+05
6.001199308020712664e-01 8.565162399369721534e+05
6.043641590340068648e-01 8.450620200627133017e+05
6.086384037215878395e-01 8.337507010752293281e+05
6.129428771501955753e-01 8.225811127180478070e+05
6.172777931065576151e-01 8.115520792726788204e+05
6.216433668893651676e-01 8.006624199195363326e+05
6.260398153199665527e-01 7.899109490964191500e+05
6.304673567531356992e-01 7.792964768544891849e+05
6.349262110879171361e-01 7.688178092114822939e+05
6.394165997785471456e-01 7.584737485020838212e+05
6.439387458454530755e-01 7.482630937252518488e+05
6.484928738863298125e-01 7.381846408883943222e+05
6.530792100872936379e-01 7.282371833482092479e+05
6.576979822341180171e-01 7.184195121480992530e+05
6.623494197235451075e-01 7.087304163519507274e+05
6.670337535746800883e-01 6.991686833742341259e+05
6.717512164404640940e-01 6.897330993062204216e+05
6.765020426192301928e-01 6.804224492382333847e+05
6.812864680663391903e-01 6.712355175777954282e+05
6.861047304058990326e-01 6.621710883635667851e+05
6.909570689425669210e-01 6.532279455749441404e+05
6.958437246734341386e-01 6.444048734372376930e+05
7.007649402999958088e-01 6.357006567223021993e+05
7.057209602402049198e-01 6.271140810445204843e+05
7.107120306406113919e-01 6.186439331520691048e+05
7.157383993885877427e-01 6.102890012133447453e+05
7.208003161246399060e-01 6.020480750984875485e+05
7.258980322548068687e-01 5.939199466559079010e+05
7.310318009631461278e-01 5.859034099837428657e+05
7.362018772243095199e-01 5.779972616961718304e+05
7.414085178162047596e-01 5.702003011845224537e+05
7.466519813327513466e-01 5.625113308730885619e+05
7.519325281967220720e-01 5.549291564696341520e+05
7.572504206726776710e-01 5.474525872104928130e+05
7.626059228799925149e-01 5.400804361002272926e+05
7.679993008059726733e-01 5.328115201458217343e+05
7.734308223190661247e-01 5.256446605853227666e+05
7.789007571821667808e-01 5.185786831109317718e+05
7.844093770660128806e-01 5.116124180865035160e+05
7.899569555626795303e-01 5.047447007594131283e+05
7.955437681991671672e-01 4.979743714667742024e+05
8.011700924510857247e-01 4.913002758359974832e+05
8.068362077564360524e-01 4.847212649796631304e+05
8.125423955294883704e-01 4.782361956847000401e+05
8.182889391747590890e-01 4.718439305958605255e+05
8.240761241010862159e-01 4.655433383935018792e+05
8.299042377358052391e-01 4.593332939656550880e+05
8.357735695390229314e-01 4.532126785744032240e+05
8.416844110179957372e-01 4.471803800165744033e+05
8.476370557416067486e-01 4.412352927787476801e+05
8.536317993549460414e-01 4.353763181866224622e+05
8.596689395939948186e-01 4.296023645487272879e+05
8.657487763004120263e-01 4.239123472945315298e+05
8.718716114364273295e-01 4.183051891069624689e+05
8.780377490998374501e-01 4.127798200493723853e+05
8.842474955391103064e-01 4.073351776869831956e+05
8.905011591685945138e-01 4.019702072028401890e+05
8.967990505838379089e-01 3.966838615083395271e+05
9.031414825770128774e-01 3.914751013483396964e+05
9.095287701524522594e-01 3.863428954009322333e+05
9.159612305422938361e-01 3.812862203719055979e+05
9.224391832222362808e-01 3.763040610839580186e+05
9.289629499274063562e-01 3.713954105607200763e+05
9.355328546683381319e-01 3.665592701056317892e+05
9.421492237470657782e-01 3.617946493757546414e+05
9.488123857733281596e-01 3.571005664505596505e+05
9.555226716808922216e-01 3.524760478957681917e+05
9.622804147439870670e-01 3.479201288223119336e+05
9.690859505938573815e-01 3.434318529404826695e+05
9.759396172354327659e-01 3.390102726093311212e+05
9.828417550641149747e-01 3.346544488814100041e+05
9.897927068826842811e-01 3.303634515429097228e+05
9.967928179183249693e-01 3.261363591492875712e+05
1.003842435839772174e+00 3.219722590564515558e+05
1.010941910774576735e+00 3.178702474475894705e+05
1.018091595326499954e+00 3.138294293557129567e+05
1.025291844593018586e+00 3.098489186820145696e+05
1.032543016182969842e+00 3.059278382101032767e+05
1.039845470234303182e+00 3.020653196162214736e+05
1.047199569431976229e+00 2.982605034755095257e+05
1.054605679025959475e+00 2.945125392644275562e+05
1.062064166849384650e+00 2.908205853593962966e+05
1.069575403336805675e+00 2.871838090317689930e+05
1.077139761542605045e+00 2.836013864392036339e+05
1.084757617159513465e+00 2.800725026135446387e+05
1.092429348537277800e+00 2.765963514452798991e+05
1.100155336701443387e+00 2.731721356646872591e+05
1.107935965372287113e+00 2.697990668197444757e+05
1.115771620983866175e+00 2.664763652509060339e+05
1.123662692703219834e+00 2.632032600628221990e+05
1.131609572449690182e+00 2.599789890931090049e+05
1.139612654914390566e+00 2.568027988782510220e+05
1.147672337579811908e+00 2.536739446167240676e+05
1.155789020739555140e+00 2.505916901294428972e+05
1.163963107518223294e+00 2.475553078176074196e+05
1.172195003891432386e+00 2.445640786180558789e+05
1.180485118705984604e+00 2.416172919562013412e+05
1.188833863700164750e+00 2.387142456966482860e+05
1.197241653524198979e+00 2.358542460915816773e+05
1.205708905760839666e+00 2.330366077270099777e+05
1.214236040946114148e+00 2.302606534669590474e+05
1.222823482590202016e+00 2.275257143957017397e+05
1.231471657198479397e+00 2.248311297581096296e+05
1.240180994292690686e+00 2.221762468982231803e+05
1.248951926432292581e+00 2.195604211961097899e+05
1.257784889235926462e+00 2.169830160031193227e+05
1.266680321403064857e+00 2.144434025755989715e+05
1.275638664735789352e+00 2.119409600071734167e+05
1.284660364160743917e+00 2.094750751596587070e+05
1.293745867751222800e+00 2.070451425927034870e+05
1.302895626749429603e+00 2.046505644922341162e+05
1.312110095588891800e+00 2.022907505977911642e+05
1.321389731917021804e+00 1.999651181288365915e+05
1.330734996617857435e+00 1.976730917101075756e+05
1.340146353834941406e+00 1.954141032961110759e+05
1.349624270994383757e+00 1.931875920948161220e+05
1.359169218828067294e+00 1.909930044906488329e+05
1.368781671397037325e+00 1.888297939668436011e+05
1.378462106115035501e+00 1.866974210272479977e+05
1.388211003772222174e+00 1.845953531176396355e+05
1.398028848559044635e+00 1.825230645466481801e+05
1.407916128090296093e+00 1.804800364063451125e+05
1.417873333429321425e+00 1.784657564925801416e+05
1.427900959112419654e+00 1.764797192251414235e+05
1.437999503173392091e+00 1.745214255678057089e+05
1.448169467168291424e+00 1.725903829483591544e+05
1.458411356200319808e+00 1.706861051786564349e+05
1.468725678944921231e+00 1.688081123747916135e+05
1.479112947675050194e+00 1.669559308774479723e+05
1.489573678286602032e+00 1.651290931725071277e+05
1.500108390324049523e+00 1.633271378119786968e+05
1.510717607006233365e+00 1.615496093353258329e+05
1.521401855252361823e+00 1.597960581912506896e+05
1.532161665708166476e+00 1.580660406600220304e+05
1.542997572772272008e+00 1.563591187763951311e+05
1.553910114622723659e+00 1.546748602532143414e+05
1.564899833243730276e+00 1.530128384057456569e+05
1.575967274452568567e+00 1.513726320768310688e+05
1.587112987926705410e+00 1.497538255629083142e+05
1.598337527231085797e+00 1.481560085409883759e+05
1.609641449845637728e+00 1.465787759966409358e+05
1.621025317192948956e+00 1.450217281530683977e+05
1.632489694666161784e+00 1.434844704013291921e+05
1.644035151657044169e+00 1.419666132317832089e+05
1.655662261584273542e+00 1.404677721668260638e+05
1.667371601921921132e+00 1.389875676949834742e+05
1.679163754228121253e+00 1.375256252064301225e+05
1.691039304173968860e+00 1.360815749300068128e+05
1.702998841572593847e+00 1.346550518718016683e+05
1.715042960408467820e+00 1.332456957553649845e+05
1.727172258866892740e+00 1.318531509636310802e+05
1.739387339363723139e+00 1.304770664826097491e+05
1.751688808575271983e+00 1.291170958469236939e+05
1.764077277468456328e+00 1.277728970872557693e+05
1.776553361331127956e+00 1.264441326797824004e+05
1.789117679802645577e+00 1.251304694976584724e+05
1.801770856904636453e+00 1.238315787646224053e+05
1.814513521072003366e+00 1.225471360107966320e+05
1.827346305184121444e+00 1.212768210307492991e+05
1.840269846596286785e+00 1.200203178438872419e+05
1.853284787171355585e+00 1.187773146572502301e+05
1.866391773311638191e+00 1.175475038307749201e+05
1.879591455990990756e+00 1.163305818450993247e+05
1.892884490787151375e+00 1.151262492719697184e+05
1.906271537914306924e+00 1.139342107473245997e+05
1.919753262255868842e+00 1.127541749471163203e+05
1.933330333397511813e+00 1.115858545659390657e+05
1.947003425660413400e+00 1.104289662985233153e+05
1.960773218134760354e+00 1.092832308241640421e+05
1.974640394713461644e+00 1.081483727941397228e+05
1.988605644126129945e+00 1.070241208221816632e+05
2.002669659973272065e+00 1.059102074780528055e+05
2.016833140760753817e+00 1.048063692842870369e+05
2.031096789934477176e+00 1.037123467161417211e+05
2.045461315915330758e+00 1.026278842048138758e+05
2.059927432134361691e+00 1.015527301439602597e+05
2.074495857068223259e+00 1.004866368995688099e+05
2.089167314274842369e+00 9.942936082321422873e+04
2.103942532429374346e+00 9.838066226872902189e+04
2.118822245360376222e+00 9.734030561232256878e+04
2.133807192086262017e+00 9.630805927616750705e+04
2.148898116852011153e+00 9.528369575546534907e+04
2.164095769166118455e+00 9.426699164901139739e+04
2.179400903837836800e+00 9.325772769324893306e+04
2.194814281014648039e+00 9.225568879981851205e+04
2.210336666220032775e+00 9.126066409658234625e+04
2.225968830391475528e+00 9.027244697210752929e+04
2.241711549918771418e+00 8.929083512357159634e+04
2.257565606682566450e+00 8.831563060805635178e+04
2.273531788093211770e+00 8.734663989717248478e+04
2.289610887129851502e+00 8.638367393495747820e+04
2.305803702379824571e+00 8.542654819896905974e+04
2.322111038078310319e+00 8.447508276449341793e+04
2.338533704148290759e+00 8.352910237175841758e+04
2.355072516240755753e+00 8.258843649605153769e+04
2.371728295775233697e+00 8.165291942060350266e+04
2.388501869980571790e+00 8.072239031210113899e+04
2.405394071936026279e+00 7.979669329867017223e+04
2.422405740612648462e+00 7.887567755014938302e+04
2.439537720914934926e+00 7.795919736047064362e+04
2.456790863722809526e+00 7.704711223192977195e+04
2.474166025933864699e+00 7.613928696112522448e+04
2.491664070505939854e+00 7.523559172631637193e+04
2.509285866499961326e+00 7.433590217593772104e+04
2.527032289123124720e+00 7.344009951798476686e+04
2.544904219772343712e+00 7.254807060997022199e+04
2.562902546078045241e+00 7.165970804912205494e+04
2.581028161948235589e+00 7.077491026248518028e+04
2.599281967612915967e+00 6.989358159655921918e+04
2.617664869668775207e+00 6.901563240609232162e+04
2.636177781124234620e+00 6.814097914162249072e+04
2.654821621444776181e+00 6.726954443534677557e+04
2.673597316598627316e+00 6.640125718487401900e+04
2.692505799102730357e+00 6.553605263439880218e+04
2.711548008069078364e+00 6.467387245281648939e+04
2.730724889251336940e+00 6.381466480828405474e+04
2.750037395091826209e+00 6.295838443870815536e+04
2.769486484768832746e+00 6.210499271763499564e+04
2.789073124244227930e+00 6.125445771499815601e+04
2.808798286311467329e+00 6.040675425216396980e+04
2.828662950643881846e+00 5.956186395071313746e+04
2.848668103843357446e+00 5.871977527437842946e+04
2.868814739489313315e+00 5.788048356355597207e+04
2.889103858188073026e+00 5.704399106180480885e+04
2.909536467622535483e+00 5.621030693373781105e+04
2.930113582602247302e+00 5.537944727372256602e+04
2.950836225113781186e+00 5.455143510479870747e+04
2.971705424371517523e+00 5.372630036723261583e+04
2.992722216868737295e+00 5.290407989614064718e+04
3.013887646429125766e+00 5.208481738761896122e+04
3.035202764258589259e+00 5.126856335284029774e+04
3.056668628997491144e+00 5.045537505959411646e+04
3.078286306773207581e+00 4.964531646077280311e+04
3.100056871253086044e+00 4.883845810933553003e+04
3.121981403697783541e+00 4.803487705930480297e+04
3.144060993014941907e+00 4.723465675240494602e+04
3.166296735813299179e+00 4.643788688996818382e+04
3.188689736457125168e+00 4.564466328980150865e+04
3.211241107121099336e+00 4.485508772773879900e+04
3.233951967845519970e+00 4.406926776366486592e+04
3.256823446591960103e+00 4.328731655185388809e+04
3.279856679299263167e+00 4.250935263552217657e+04
3.303052809939984957e+00 4.173549972556115972e+04
3.326412990577185536e+00 4.096588646349096234e+04
3.349938381421674549e+00 4.020064616873047635e+04
3.373630150889606050e+00 3.943991657037828554e+04
3.397489475660538716e+00 3.868383952375080844e+04
3.421517540735847351e+00 3.793256071202355088e+04
3.445715539497606006e+00 3.718622933339081646e+04
3.470084673767835248e+00 3.644499777425127832e+04
3.494626153868200635e+00 3.570902126900029543e+04
3.519341198680137062e+00 3.497845754710659821e+04
3.544231035705359467e+00 3.425346646822616458e+04
3.569296901126859378e+00 3.353420964619342703e+04
3.594540039870269155e+00 3.282085006281325332e+04
3.619961705665723617e+00 3.211355167245582561e+04
3.645563161110100037e+00 3.141247899853466515e+04
3.671345677729752843e+00 3.071779672302339895e+04
3.697310536043638240e+00 3.002966927023547396e+04
3.723459025626941976e+00 2.934826038616061123e+04
3.749792445175096578e+00 2.867373271470606051e+04
3.776312102568314177e+00 2.800624737225150238e+04
3.803019314936512796e+00 2.734596352196968655e+04
3.829915408724764436e+00 2.669303794940669468e+04
3.857001719759141967e+00 2.604762464084997919e+04
3.884279593313097134e+00 2.540987436603222886e+04
3.911750384174244477e+00 2.477993426674114380e+04
3.939415456711678143e+00 2.415794745290391438e+04
3.967276184943707040e+00 2.354405260771950998e+04
3.995333952606112238e+00 2.293838360339200517e+04
4.023590153220879095e+00 2.234106912900006500e+04
4.052046190165383699e+00 2.175223233200436152e+04
4.080703476742123748e+00 2.117199047484659968e+04
4.109563436248881096e+00 2.060045460805080438e+04
4.138627502049441631e+00 2.003772926116103190e+04
4.167897117644755234e+00 1.948391215279454264e+04
4.197373736744657080e+00 1.893909392099239994e+04
4.227058823340041904e+00 1.840335787496923876e+04
4.256953851775601372e+00 1.787677976926535848e+04
4.287060306823019751e+00 1.735942760119576997e+04
4.317379683754746900e+00 1.685136143238177101e+04
4.347913488418234884e+00 1.635263323503353968e+04
4.378663237310754575e+00 1.586328676352847651e+04
4.409630457654684754e+00 1.538335745170588780e+04
4.440816687473396307e+00 1.491287233616500453e+04
4.472223475667610693e+00 1.445185000573050820e+04
4.503852382092338402e+00 1.400030057710653455e+04
4.535704977634366308e+00 1.355822569661960915e+04
4.567782844290247724e+00 1.312561856781114875e+04
4.600087575244907079e+00 1.270246400451848422e+04
4.632620774950732212e+00 1.228873850895451687e+04
4.665384059207298151e+00 1.188441037417800544e+04
4.698379055241581170e+00 1.148943981022883418e+04
4.731607401788815004e+00 1.110377909309851930e+04
4.765070749173839104e+00 1.072737273559723508e+04
4.798770759393106822e+00 1.036015767909364331e+04
4.832709106197189186e+00 1.000206350501079578e+04
4.866887475173941269e+00 9.653012664890606175e+03
4.901307563832183689e+00 9.312920727771896054e+03
4.935971081686049367e+00 8.981696643569339358e+03
4.970879750339845415e+00 8.659243021098287500e+03
5.006035303573603379e+00 8.345456419352991361e+03
5.041439487429151711e+00 8.040227650622567126e+03
5.077094060296849953e+00 7.743442094018251737e+03
5.113000793002938416e+00 7.454980017976264207e+03
5.149161468897450966e+00 7.174716910319274575e+03
5.185577883942828592e+00 6.902523814464930183e+03
5.222251846803077413e+00 6.638267670409481070e+03
5.259185178933637239e+00 6.381811659143218094e+03
5.296379714671807903e+00 6.133015549205775642e+03
5.333837301327894131e+00 5.891736044138659054e+03
5.371559799276911740e+00 5.657827129659704042e+03
5.409549082051029245e+00 5.431140419445399857e+03
5.447807036432573469e+00 5.211525498486169454e+03
5.486335562547784761e+00 4.998830263055085197e+03
5.525136573961145992e+00 4.792901256414460477e+03
5.564211997770461160e+00 4.593583999468704860e+03
5.603563774702529088e+00 4.400723315662033201e+03
5.643193859209571173e+00 4.214163649502655062e+03
5.683104219566259552e+00 4.033749378188222181e+03
5.723296837967517980e+00 3.859325115888384062e+03
5.763773710626932001e+00 3.690736010326719679e+03
5.804536847875906957e+00 3.527828031381527126e+03
5.845588274263531225e+00 3.370448251496607554e+03
5.886930028657091363e+00 3.218445117763334110e+03
5.928564164343377740e+00 3.071668715584890833e+03
5.970492749130616339e+00 2.929971023887737829e+03
6.012717865451219446e+00 2.793206161871206405e+03
6.055241610465158963e+00 2.661230627310213094e+03
6.098066096164178163e+00 2.533903526424176107e+03
6.141193449476634925e+00 2.411086795309640365e+03
6.184625812373186093e+00 2.292645412893810771e+03
6.228365341973125524e+00 2.178447605302274042e+03
6.272414210651564126e+00 2.068365041443173595e+03
6.316774606147276927e+00 1.962273019490232400e+03
6.361448731671411672e+00 1.860050643792852725e+03
6.406438806016858223e+00 1.761580991553904596e+03
6.451747063668501703e+00 1.666751268392526981e+03
6.497375754914157753e+00 1.575452951645523626e+03
6.543327145956349788e+00 1.487581919961042331e+03
6.589603519024886502e+00 1.403038567400756165e+03
6.636207172490164119e+00 1.321727899893603080e+03
6.683140420977371043e+00 1.243559611482880882e+03
6.730405595481391501e+00 1.168448137384278425e+03
6.778005043482632885e+00 1.096312680439953738e+03
6.825941129063561874e+00 1.027077207123882999e+03
6.874216233026173128e+00 9.606704088536753261e+02
6.922832753010177420e+00 8.970256240131884624e+02
6.971793103612142772e+00 8.360807158266676424e+02
7.021099716505362132e+00 7.777779010849266115e+02
7.070755040560676719e+00 7.220635247528073251e+02
7.120761541968050778e+00 6.688877757361985914e+02
7.171121704359111781e+00 6.182043396126246080e+02
7.221838028930448239e+00 5.699699849873078392e+02
7.272913034567887181e+00 5.241440813840346209e+02
7.324349257971554117e+00 4.806880482672225980e+02
7.376149253781875359e+00 4.395647369543919467e+02
7.428315594706486280e+00 4.007377498348378708e+02
7.480850871647950484e+00 3.641707044487907297e+02
7.533757693832503044e+00 3.298264535507352093e+02
7.587038688939579778e+00 2.976662761828794146e+02
7.640696503232383918e+00 2.676490588629632157e+02
7.694733801689255692e+00 2.397304900294838887e+02
7.749153268136092620e+00 2.138622946026755187e+02
7.803957605379584272e+00 1.899915385759900062e+02
7.859149535341510173e+00 1.680600355669377848e+02
7.914731799193866379e+00 1.480038878298013856e+02
7.970707157495071193e+00 1.297531929859664501e+02
8.027078390327009316e+00 1.132319443440725735e+02
8.083848297433169350e+00 9.835814696637515908e+01
8.141019698357636614e+00 8.504416356665240073e+01
8.198595432585188192e+00 7.319729410181292906e+01
8.256578359682256618e+00 6.272058100397270408e+01
8.314971359439020659e+00 5.351381911855269635e+01
8.373777332012377173e+00 4.547473652873575389e+01
8.432999198069994762e+00 3.850030068468127809e+01
8.492639898935413711e+00 3.248809479650770271e+01
8.552702396734058965e+00 2.733770337890633684e+01
8.613189674540430829e+00 2.295204398481311259e+01
8.674104736526190962e+00 1.923858496849367583e+01
8.735450608109443849e+00 1.611039650213011853e+01
8.797230336104918891e+00 1.348699342428975179e+01
8.859446988875371076e+00 1.129494272866260296e+01
8.922103656483901801e+00 9.468224170541470031e+00
8.985203450847500051e+00 7.948348006266933830e+00
9.048749505891533929e+00 6.684247819018025893e+00
9.112744977705464322e+00 5.631977568956716418e+00
9.177193044699528457e+00 4.754249739869083058e+00
9.242096907762670455e+00 4.019855540952788076e+00
9.307459790421448886e+00 3.403008806008075648e+00
9.373284939000198435e+00 2.882653066583041213e+00
9.439575622782214737e+00 2.441766962036818978e+00
9.506335134172138268e+00 2.066697396321254043e+00
9.573566788859515952e+00 1.746543287217403817e+00
9.641273925983409043e+00 1.472605902798443944e+00
9.709459908298304853e+00 1.237915079936799279e+00
9.778128122341067652e+00 1.036834452420977160e+00
9.847281978599200514e+00 8.647435192823642591e-01
9.916924911680160548e+00 7.177902329504538548e-01
9.987060380482020605e+00 5.927049564378646940e-01
1.005769186836517193e+01 4.866651642458520999e-01
1.012882288332542657e+01 3.972000250121687226e-01
1.020045695816814479e+01 3.221247551980381263e-01
1.027259765068379416e+01 2.594960432658006688e-01
1.034524854382456027e+01 2.075815714050938954e-01
1.041841324588238393e+01 1.648384132444226935e-01
1.049209539066808539e+01 1.298966532224629933e-01
1.056629863769193101e+01 1.015458447017161675e-01
1.064102667234530664e+01 7.872287133457406272e-02
1.071628320608379603e+01 6.050042916835002976e-02
1.079207197661153650e+01 4.607576444268577515e-02
1.086839674806679490e+01 3.475954933988451012e-02
1.094526131120899137e+01 2.596491250929538683e-02
1.102266948360689192e+01 1.919670641778320822e-02
1.110062510982830020e+01 1.404111871274079174e-02
1.117913206163091111e+01 1.015573769928102867e-02
1.125819423815469555e+01 7.260172852856681611e-03
1.133781556611546826e+01 5.127315495289629967e-03
1.141799999999999926e+01 3.575305371490714035e-03
